4	13	17
510	10	17
16	5	17
10	4	17
5	14	17
513	1	17
6	2	17
501	7	17
502	3	17
8	11	17
521	15	17
527	6	17
514	8	17
511	12	17
17	0	0
17	9	522
4	13	128
510	10	128
16	5	128
10	4	128
5	14	128
513	1	128
6	2	128
530	7	128
502	3	128
8	11	128
521	15	128
527	6	128
514	8	128
511	12	128
128	0	1
128	9	522
4	13	239
510	10	239
16	5	239
10	4	239
5	14	239
513	1	239
500	2	239
501	7	239
502	3	239
8	11	239
521	15	239
527	6	239
514	8	239
511	12	239
239	0	1
239	9	522
4	13	350
510	10	350
16	5	350
10	4	350
5	14	350
513	1	350
505	2	350
501	7	350
502	3	350
8	11	350
520	15	350
509	6	350
499	8	350
511	12	350
350	0	1
350	9	522
4	13	444
510	10	444
16	5	444
10	4	444
5	14	444
513	1	444
505	2	444
501	7	444
502	3	444
8	11	444
521	15	444
527	6	444
514	8	444
511	12	444
444	0	2
444	9	522
4	13	455
510	10	455
16	5	455
10	4	455
5	14	455
513	1	455
505	2	455
501	7	455
502	3	455
519	11	455
520	15	455
509	6	455
514	8	455
511	12	455
455	0	2
455	9	522
4	13	466
510	10	466
16	5	466
10	4	466
5	14	466
513	1	466
505	2	466
501	7	466
502	3	466
519	11	466
520	15	466
525	6	466
514	8	466
511	12	466
466	0	2
466	9	522
4	13	477
510	10	477
16	5	477
10	4	477
5	14	477
513	1	477
505	2	477
501	7	477
507	3	477
519	11	477
520	15	477
509	6	477
514	8	477
511	12	477
477	0	1
477	9	522
4	13	488
510	10	488
16	5	488
10	4	488
5	14	488
513	1	488
505	2	488
501	7	488
508	3	488
8	11	488
520	15	488
509	6	488
499	8	488
511	12	488
488	0	0
488	9	522
4	13	18
510	10	18
16	5	18
10	4	18
5	14	18
513	1	18
505	2	18
501	7	18
508	3	18
519	11	18
520	15	18
509	6	18
514	8	18
511	12	18
18	0	0
18	9	522
4	13	29
510	10	29
16	5	29
10	4	29
5	14	29
513	1	29
505	2	29
530	7	29
502	3	29
8	11	29
521	15	29
527	6	29
514	8	29
511	12	29
29	0	1
29	9	522
4	13	40
510	10	40
16	5	40
10	4	40
5	14	40
513	1	40
505	2	40
530	7	40
502	3	40
519	11	40
520	15	40
509	6	40
514	8	40
511	12	40
40	0	1
40	9	522
4	13	51
510	10	51
16	5	51
10	4	51
5	14	51
513	1	51
505	2	51
530	7	51
502	3	51
519	11	51
520	15	51
525	6	51
514	8	51
511	12	51
51	0	1
51	9	522
4	13	62
510	10	62
16	5	62
10	4	62
5	14	62
513	1	62
505	2	62
530	7	62
507	3	62
519	11	62
520	15	62
509	6	62
514	8	62
511	12	62
62	0	0
62	9	522
4	13	73
510	10	73
16	5	73
10	4	73
516	14	73
513	1	73
6	2	73
501	7	73
508	3	73
8	11	73
521	15	73
527	6	73
499	8	73
511	12	73
73	0	1
73	9	504
4	13	84
510	10	84
16	5	84
10	4	84
516	14	84
513	1	84
500	2	84
501	7	84
502	3	84
8	11	84
521	15	84
527	6	84
499	8	84
511	12	84
84	0	1
84	9	503
4	13	95
510	10	95
16	5	95
10	4	95
516	14	95
513	1	95
500	2	95
501	7	95
502	3	95
8	11	95
521	15	95
527	6	95
514	8	95
511	12	95
95	0	1
95	9	522
4	13	106
510	10	106
16	5	106
10	4	106
516	14	106
513	1	106
505	2	106
501	7	106
502	3	106
8	11	106
520	15	106
509	6	106
499	8	106
511	12	106
106	0	1
106	9	504
4	13	117
510	10	117
16	5	117
10	4	117
516	14	117
513	1	117
505	2	117
501	7	117
502	3	117
8	11	117
520	15	117
525	6	117
499	8	117
511	12	117
117	0	2
117	9	522
4	13	129
510	10	129
16	5	129
10	4	129
516	14	129
513	1	129
505	2	129
501	7	129
502	3	129
8	11	129
521	15	129
527	6	129
499	8	129
511	12	129
129	0	2
129	9	503
4	13	140
510	10	140
16	5	140
10	4	140
516	14	140
513	1	140
505	2	140
501	7	140
502	3	140
8	11	140
521	15	140
527	6	140
514	8	140
511	12	140
140	0	2
140	9	522
4	13	151
510	10	151
16	5	151
10	4	151
516	14	151
513	1	151
505	2	151
501	7	151
502	3	151
519	11	151
520	15	151
509	6	151
514	8	151
511	12	151
151	0	2
151	9	522
4	13	162
510	10	162
16	5	162
10	4	162
516	14	162
513	1	162
505	2	162
501	7	162
502	3	162
519	11	162
520	15	162
525	6	162
514	8	162
511	12	162
162	0	2
162	9	522
4	13	173
510	10	173
16	5	173
10	4	173
516	14	173
513	1	173
505	2	173
501	7	173
507	3	173
8	11	173
521	15	173
527	6	173
514	8	173
511	12	173
173	0	1
173	9	518
4	13	184
510	10	184
16	5	184
10	4	184
516	14	184
513	1	184
505	2	184
501	7	184
507	3	184
519	11	184
520	15	184
509	6	184
514	8	184
511	12	184
184	0	2
184	9	522
4	13	195
510	10	195
16	5	195
10	4	195
516	14	195
513	1	195
505	2	195
501	7	195
507	3	195
519	11	195
520	15	195
525	6	195
514	8	195
511	12	195
195	0	1
195	9	503
4	13	206
510	10	206
16	5	206
10	4	206
516	14	206
513	1	206
505	2	206
501	7	206
508	3	206
8	11	206
520	15	206
509	6	206
499	8	206
511	12	206
206	0	1
206	9	522
4	13	217
510	10	217
16	5	217
10	4	217
516	14	217
513	1	217
505	2	217
501	7	217
508	3	217
8	11	217
521	15	217
527	6	217
499	8	217
511	12	217
217	0	1
217	9	522
4	13	228
510	10	228
16	5	228
10	4	228
516	14	228
513	1	228
505	2	228
530	7	228
502	3	228
519	11	228
520	15	228
509	6	228
514	8	228
511	12	228
228	0	2
228	9	522
4	13	240
510	10	240
16	5	240
10	4	240
524	14	240
513	1	240
6	2	240
501	7	240
502	3	240
8	11	240
521	15	240
527	6	240
499	8	240
511	12	240
240	0	1
240	9	522
4	13	251
510	10	251
16	5	251
10	4	251
524	14	251
513	1	251
6	2	251
501	7	251
502	3	251
8	11	251
521	15	251
527	6	251
514	8	251
511	12	251
251	0	1
251	9	522
4	13	262
510	10	262
16	5	262
10	4	262
524	14	262
513	1	262
6	2	262
501	7	262
507	3	262
8	11	262
521	15	262
527	6	262
514	8	262
511	12	262
262	0	1
262	9	522
4	13	273
510	10	273
16	5	273
10	4	273
524	14	273
513	1	273
6	2	273
501	7	273
508	3	273
8	11	273
521	15	273
527	6	273
499	8	273
511	12	273
273	0	0
273	9	522
4	13	284
510	10	284
16	5	284
10	4	284
524	14	284
513	1	284
6	2	284
530	7	284
507	3	284
8	11	284
521	15	284
527	6	284
514	8	284
511	12	284
284	0	1
284	9	522
4	13	295
510	10	295
16	5	295
10	4	295
524	14	295
513	1	295
500	2	295
501	7	295
502	3	295
8	11	295
521	15	295
527	6	295
499	8	295
511	12	295
295	0	0
295	9	503
4	13	306
510	10	306
16	5	306
10	4	306
524	14	306
513	1	306
500	2	306
501	7	306
502	3	306
8	11	306
521	15	306
527	6	306
514	8	306
511	12	306
306	0	1
306	9	522
4	13	317
510	10	317
16	5	317
10	4	317
524	14	317
513	1	317
500	2	317
501	7	317
507	3	317
8	11	317
521	15	317
527	6	317
514	8	317
511	12	317
317	0	0
317	9	522
4	13	328
510	10	328
16	5	328
10	4	328
524	14	328
513	1	328
505	2	328
501	7	328
502	3	328
8	11	328
520	15	328
509	6	328
499	8	328
511	12	328
328	0	0
328	9	522
4	13	339
510	10	339
16	5	339
10	4	339
524	14	339
513	1	339
505	2	339
501	7	339
502	3	339
8	11	339
520	15	339
525	6	339
499	8	339
511	12	339
339	0	1
339	9	522
4	13	351
510	10	351
16	5	351
10	4	351
524	14	351
513	1	351
505	2	351
501	7	351
502	3	351
8	11	351
521	15	351
527	6	351
499	8	351
511	12	351
351	0	0
351	9	522
4	13	362
510	10	362
16	5	362
10	4	362
524	14	362
513	1	362
505	2	362
501	7	362
502	3	362
8	11	362
521	15	362
527	6	362
514	8	362
511	12	362
362	0	2
362	9	522
4	13	373
510	10	373
16	5	373
10	4	373
524	14	373
513	1	373
505	2	373
501	7	373
502	3	373
519	11	373
520	15	373
509	6	373
514	8	373
511	12	373
373	0	2
373	9	522
4	13	384
510	10	384
16	5	384
10	4	384
524	14	384
513	1	384
505	2	384
501	7	384
502	3	384
519	11	384
520	15	384
525	6	384
514	8	384
511	12	384
384	0	1
384	9	522
4	13	395
510	10	395
16	5	395
10	4	395
524	14	395
513	1	395
505	2	395
501	7	395
507	3	395
8	11	395
521	15	395
527	6	395
514	8	395
511	12	395
395	0	0
395	9	522
4	13	406
510	10	406
16	5	406
10	4	406
524	14	406
513	1	406
505	2	406
501	7	406
507	3	406
519	11	406
520	15	406
509	6	406
514	8	406
511	12	406
406	0	1
406	9	522
4	13	417
510	10	417
16	5	417
10	4	417
524	14	417
513	1	417
505	2	417
501	7	417
507	3	417
519	11	417
520	15	417
525	6	417
514	8	417
511	12	417
417	0	0
417	9	522
4	13	428
510	10	428
16	5	428
10	4	428
524	14	428
513	1	428
505	2	428
501	7	428
508	3	428
8	11	428
520	15	428
509	6	428
499	8	428
511	12	428
428	0	0
428	9	522
4	13	439
510	10	439
16	5	439
10	4	439
524	14	439
513	1	439
505	2	439
501	7	439
508	3	439
8	11	439
520	15	439
525	6	439
499	8	439
511	12	439
439	0	0
439	9	522
4	13	443
510	10	443
16	5	443
10	4	443
524	14	443
513	1	443
505	2	443
501	7	443
508	3	443
8	11	443
521	15	443
527	6	443
499	8	443
511	12	443
443	0	0
443	9	522
4	13	445
510	10	445
16	5	445
10	4	445
524	14	445
513	1	445
505	2	445
501	7	445
508	3	445
519	11	445
520	15	445
509	6	445
514	8	445
511	12	445
445	0	0
445	9	522
4	13	446
510	10	446
16	5	446
10	4	446
524	14	446
513	1	446
505	2	446
501	7	446
508	3	446
519	11	446
520	15	446
525	6	446
514	8	446
511	12	446
446	0	1
446	9	522
4	13	447
510	10	447
16	5	447
10	4	447
524	14	447
513	1	447
505	2	447
530	7	447
502	3	447
8	11	447
520	15	447
509	6	447
499	8	447
511	12	447
447	0	1
447	9	522
4	13	448
510	10	448
16	5	448
10	4	448
524	14	448
513	1	448
505	2	448
530	7	448
502	3	448
8	11	448
521	15	448
527	6	448
514	8	448
511	12	448
448	0	0
448	9	522
4	13	449
510	10	449
16	5	449
10	4	449
524	14	449
513	1	449
505	2	449
530	7	449
502	3	449
519	11	449
520	15	449
509	6	449
514	8	449
511	12	449
449	0	0
449	9	522
4	13	450
510	10	450
16	5	450
10	4	450
524	14	450
513	1	450
505	2	450
530	7	450
502	3	450
519	11	450
520	15	450
525	6	450
514	8	450
511	12	450
450	0	1
450	9	522
4	13	451
510	10	451
16	5	451
10	4	451
524	14	451
513	1	451
505	2	451
530	7	451
507	3	451
519	11	451
520	15	451
509	6	451
514	8	451
511	12	451
451	0	0
451	9	522
4	13	452
515	10	452
16	5	452
10	4	452
5	14	452
517	1	452
6	2	452
501	7	452
502	3	452
8	11	452
521	15	452
527	6	452
499	8	452
506	12	452
452	0	0
452	9	522
4	13	453
515	10	453
16	5	453
10	4	453
5	14	453
517	1	453
6	2	453
501	7	453
502	3	453
8	11	453
521	15	453
527	6	453
514	8	453
506	12	453
453	0	1
453	9	522
4	13	454
515	10	454
16	5	454
10	4	454
5	14	454
517	1	454
500	2	454
501	7	454
502	3	454
8	11	454
521	15	454
527	6	454
499	8	454
506	12	454
454	0	0
454	9	522
4	13	456
515	10	456
16	5	456
10	4	456
5	14	456
517	1	456
505	2	456
501	7	456
502	3	456
8	11	456
520	15	456
509	6	456
499	8	456
506	12	456
456	0	0
456	9	504
4	13	457
515	10	457
16	5	457
10	4	457
5	14	457
517	1	457
505	2	457
501	7	457
502	3	457
8	11	457
520	15	457
525	6	457
499	8	457
506	12	457
457	0	1
457	9	504
4	13	458
515	10	458
16	5	458
10	4	458
5	14	458
517	1	458
505	2	458
501	7	458
502	3	458
8	11	458
521	15	458
527	6	458
499	8	458
506	12	458
458	0	0
458	9	522
4	13	459
515	10	459
16	5	459
10	4	459
5	14	459
517	1	459
505	2	459
501	7	459
502	3	459
8	11	459
521	15	459
527	6	459
514	8	459
506	12	459
459	0	1
459	9	522
4	13	460
515	10	460
16	5	460
10	4	460
5	14	460
517	1	460
505	2	460
501	7	460
502	3	460
519	11	460
520	15	460
509	6	460
514	8	460
506	12	460
460	0	1
460	9	522
4	13	461
515	10	461
16	5	461
10	4	461
5	14	461
517	1	461
505	2	461
501	7	461
502	3	461
519	11	461
520	15	461
525	6	461
514	8	461
506	12	461
461	0	0
461	9	522
4	13	462
515	10	462
16	5	462
10	4	462
5	14	462
517	1	462
505	2	462
501	7	462
507	3	462
519	11	462
520	15	462
509	6	462
514	8	462
506	12	462
462	0	0
462	9	522
4	13	463
515	10	463
16	5	463
10	4	463
5	14	463
517	1	463
505	2	463
501	7	463
507	3	463
519	11	463
520	15	463
525	6	463
514	8	463
506	12	463
463	0	0
463	9	522
4	13	464
515	10	464
16	5	464
10	4	464
5	14	464
517	1	464
505	2	464
501	7	464
508	3	464
8	11	464
520	15	464
509	6	464
499	8	464
506	12	464
464	0	0
464	9	522
4	13	465
515	10	465
16	5	465
10	4	465
5	14	465
517	1	465
505	2	465
501	7	465
508	3	465
8	11	465
521	15	465
527	6	465
499	8	465
506	12	465
465	0	1
465	9	522
4	13	467
515	10	467
16	5	467
10	4	467
5	14	467
517	1	467
505	2	467
501	7	467
508	3	467
519	11	467
520	15	467
509	6	467
514	8	467
506	12	467
467	0	0
467	9	522
4	13	468
515	10	468
16	5	468
10	4	468
5	14	468
517	1	468
505	2	468
530	7	468
502	3	468
8	11	468
521	15	468
527	6	468
514	8	468
506	12	468
468	0	1
468	9	522
4	13	469
515	10	469
16	5	469
10	4	469
5	14	469
517	1	469
505	2	469
530	7	469
502	3	469
519	11	469
520	15	469
509	6	469
514	8	469
506	12	469
469	0	1
469	9	522
4	13	470
515	10	470
16	5	470
10	4	470
5	14	470
517	1	470
505	2	470
530	7	470
502	3	470
519	11	470
520	15	470
525	6	470
514	8	470
506	12	470
470	0	1
470	9	522
4	13	471
515	10	471
16	5	471
10	4	471
524	14	471
517	1	471
6	2	471
501	7	471
502	3	471
8	11	471
521	15	471
527	6	471
499	8	471
506	12	471
471	0	0
471	9	522
4	13	472
515	10	472
16	5	472
10	4	472
524	14	472
517	1	472
6	2	472
501	7	472
507	3	472
8	11	472
521	15	472
527	6	472
514	8	472
506	12	472
472	0	1
472	9	522
4	13	473
515	10	473
16	5	473
10	4	473
524	14	473
517	1	473
500	2	473
501	7	473
502	3	473
8	11	473
521	15	473
527	6	473
514	8	473
506	12	473
473	0	0
473	9	522
4	13	474
515	10	474
16	5	474
10	4	474
524	14	474
517	1	474
500	2	474
530	7	474
507	3	474
8	11	474
521	15	474
527	6	474
514	8	474
506	12	474
474	0	0
474	9	522
4	13	475
515	10	475
16	5	475
10	4	475
524	14	475
517	1	475
505	2	475
501	7	475
502	3	475
8	11	475
520	15	475
509	6	475
499	8	475
506	12	475
475	0	1
475	9	522
4	13	476
515	10	476
16	5	476
10	4	476
524	14	476
517	1	476
505	2	476
501	7	476
502	3	476
8	11	476
520	15	476
525	6	476
499	8	476
506	12	476
476	0	1
476	9	503
4	13	478
515	10	478
16	5	478
10	4	478
524	14	478
517	1	478
505	2	478
501	7	478
502	3	478
8	11	478
521	15	478
527	6	478
499	8	478
506	12	478
478	0	0
478	9	522
4	13	479
515	10	479
16	5	479
10	4	479
524	14	479
517	1	479
505	2	479
501	7	479
502	3	479
8	11	479
521	15	479
527	6	479
514	8	479
506	12	479
479	0	0
479	9	522
4	13	480
515	10	480
16	5	480
10	4	480
524	14	480
517	1	480
505	2	480
501	7	480
502	3	480
519	11	480
520	15	480
509	6	480
514	8	480
506	12	480
480	0	0
480	9	522
4	13	481
515	10	481
16	5	481
10	4	481
524	14	481
517	1	481
505	2	481
501	7	481
502	3	481
519	11	481
520	15	481
525	6	481
514	8	481
506	12	481
481	0	1
481	9	522
4	13	482
515	10	482
16	5	482
10	4	482
524	14	482
517	1	482
505	2	482
501	7	482
507	3	482
519	11	482
520	15	482
509	6	482
514	8	482
506	12	482
482	0	0
482	9	503
4	13	483
515	10	483
16	5	483
10	4	483
524	14	483
517	1	483
505	2	483
501	7	483
508	3	483
8	11	483
520	15	483
509	6	483
499	8	483
506	12	483
483	0	0
483	9	518
4	13	484
515	10	484
16	5	484
10	4	484
524	14	484
517	1	484
505	2	484
501	7	484
508	3	484
8	11	484
520	15	484
525	6	484
499	8	484
506	12	484
484	0	0
484	9	522
4	13	485
515	10	485
16	5	485
10	4	485
524	14	485
517	1	485
505	2	485
501	7	485
508	3	485
519	11	485
520	15	485
509	6	485
514	8	485
506	12	485
485	0	0
485	9	522
4	13	486
515	10	486
16	5	486
10	4	486
524	14	486
517	1	486
505	2	486
530	7	486
502	3	486
519	11	486
520	15	486
509	6	486
514	8	486
506	12	486
486	0	0
486	9	504
4	13	487
515	10	487
16	5	487
10	4	487
524	14	487
517	1	487
505	2	487
530	7	487
502	3	487
519	11	487
520	15	487
525	6	487
514	8	487
506	12	487
487	0	0
487	9	503
4	13	489
515	10	489
16	5	489
11	4	489
516	14	489
517	1	489
505	2	489
501	7	489
502	3	489
519	11	489
520	15	489
525	6	489
514	8	489
511	12	489
489	0	1
489	9	522
7	13	490
510	10	490
14	5	490
10	4	490
5	14	490
523	1	490
6	2	490
501	7	490
502	3	490
8	11	490
521	15	490
527	6	490
514	8	490
511	12	490
490	0	0
490	9	503
7	13	491
510	10	491
14	5	491
10	4	491
5	14	491
523	1	491
500	2	491
501	7	491
502	3	491
8	11	491
521	15	491
527	6	491
514	8	491
511	12	491
491	0	1
491	9	522
7	13	492
510	10	492
14	5	492
10	4	492
5	14	492
523	1	492
500	2	492
530	7	492
507	3	492
8	11	492
521	15	492
527	6	492
514	8	492
511	12	492
492	0	1
492	9	522
7	13	493
510	10	493
14	5	493
10	4	493
5	14	493
523	1	493
505	2	493
501	7	493
502	3	493
8	11	493
520	15	493
509	6	493
499	8	493
511	12	493
493	0	0
493	9	522
7	13	494
510	10	494
14	5	494
10	4	494
5	14	494
523	1	494
505	2	494
501	7	494
502	3	494
8	11	494
521	15	494
527	6	494
514	8	494
511	12	494
494	0	1
494	9	503
7	13	495
510	10	495
14	5	495
10	4	495
5	14	495
523	1	495
505	2	495
501	7	495
502	3	495
519	11	495
520	15	495
509	6	495
514	8	495
511	12	495
495	0	1
495	9	522
7	13	496
510	10	496
14	5	496
10	4	496
5	14	496
523	1	496
505	2	496
501	7	496
502	3	496
519	11	496
520	15	496
525	6	496
514	8	496
511	12	496
496	0	0
496	9	503
7	13	497
510	10	497
14	5	497
10	4	497
5	14	497
523	1	497
505	2	497
501	7	497
507	3	497
8	11	497
521	15	497
527	6	497
514	8	497
511	12	497
497	0	0
497	9	522
7	13	498
510	10	498
14	5	498
10	4	498
5	14	498
523	1	498
505	2	498
501	7	498
507	3	498
519	11	498
520	15	498
509	6	498
514	8	498
511	12	498
498	0	1
498	9	522
7	13	19
510	10	19
14	5	19
10	4	19
5	14	19
523	1	19
505	2	19
501	7	19
507	3	19
519	11	19
520	15	19
525	6	19
514	8	19
511	12	19
19	0	0
19	9	503
7	13	20
510	10	20
14	5	20
10	4	20
5	14	20
523	1	20
505	2	20
501	7	20
508	3	20
8	11	20
521	15	20
527	6	20
499	8	20
511	12	20
20	0	0
20	9	503
7	13	21
510	10	21
14	5	21
10	4	21
5	14	21
523	1	21
505	2	21
501	7	21
508	3	21
8	11	21
521	15	21
527	6	21
514	8	21
511	12	21
21	0	0
21	9	503
7	13	22
510	10	22
14	5	22
10	4	22
5	14	22
523	1	22
505	2	22
501	7	22
508	3	22
519	11	22
520	15	22
509	6	22
514	8	22
511	12	22
22	0	0
22	9	522
7	13	23
510	10	23
14	5	23
10	4	23
5	14	23
523	1	23
505	2	23
530	7	23
502	3	23
519	11	23
520	15	23
509	6	23
514	8	23
511	12	23
23	0	2
23	9	522
7	13	24
510	10	24
14	5	24
10	4	24
5	14	24
523	1	24
505	2	24
530	7	24
507	3	24
519	11	24
520	15	24
509	6	24
514	8	24
511	12	24
24	0	0
24	9	503
7	13	25
510	10	25
14	5	25
10	4	25
516	14	25
523	1	25
6	2	25
501	7	25
502	3	25
8	11	25
521	15	25
527	6	25
514	8	25
511	12	25
25	0	1
25	9	503
7	13	26
510	10	26
14	5	26
10	4	26
516	14	26
523	1	26
6	2	26
501	7	26
507	3	26
8	11	26
521	15	26
527	6	26
514	8	26
511	12	26
26	0	1
26	9	522
7	13	27
510	10	27
14	5	27
10	4	27
516	14	27
523	1	27
6	2	27
530	7	27
502	3	27
8	11	27
521	15	27
527	6	27
499	8	27
511	12	27
27	0	2
27	9	503
7	13	28
510	10	28
14	5	28
10	4	28
516	14	28
523	1	28
500	2	28
530	7	28
502	3	28
8	11	28
521	15	28
527	6	28
514	8	28
511	12	28
28	0	2
28	9	503
7	13	30
510	10	30
14	5	30
10	4	30
516	14	30
523	1	30
505	2	30
501	7	30
502	3	30
8	11	30
520	15	30
509	6	30
499	8	30
511	12	30
30	0	1
30	9	504
7	13	31
510	10	31
14	5	31
10	4	31
516	14	31
523	1	31
505	2	31
501	7	31
502	3	31
8	11	31
520	15	31
528	6	31
499	8	31
511	12	31
31	0	3
31	9	503
7	13	32
510	10	32
14	5	32
10	4	32
516	14	32
523	1	32
505	2	32
501	7	32
502	3	32
8	11	32
521	15	32
527	6	32
514	8	32
511	12	32
32	0	1
32	9	522
7	13	33
510	10	33
14	5	33
10	4	33
516	14	33
523	1	33
505	2	33
501	7	33
502	3	33
519	11	33
520	15	33
509	6	33
514	8	33
511	12	33
33	0	2
33	9	522
7	13	34
510	10	34
14	5	34
10	4	34
516	14	34
523	1	34
505	2	34
501	7	34
502	3	34
519	11	34
520	15	34
525	6	34
514	8	34
511	12	34
34	0	2
34	9	522
7	13	35
510	10	35
14	5	35
10	4	35
516	14	35
523	1	35
505	2	35
501	7	35
507	3	35
519	11	35
520	15	35
509	6	35
514	8	35
511	12	35
35	0	2
35	9	522
7	13	36
510	10	36
14	5	36
10	4	36
516	14	36
523	1	36
505	2	36
501	7	36
508	3	36
519	11	36
520	15	36
509	6	36
514	8	36
511	12	36
36	0	1
36	9	522
7	13	37
510	10	37
14	5	37
10	4	37
516	14	37
523	1	37
505	2	37
530	7	37
502	3	37
8	11	37
520	15	37
509	6	37
499	8	37
511	12	37
37	0	2
37	9	522
7	13	38
510	10	38
14	5	38
10	4	38
516	14	38
523	1	38
505	2	38
530	7	38
502	3	38
8	11	38
521	15	38
527	6	38
514	8	38
511	12	38
38	0	2
38	9	522
7	13	39
510	10	39
14	5	39
10	4	39
516	14	39
523	1	39
505	2	39
530	7	39
502	3	39
519	11	39
520	15	39
509	6	39
514	8	39
511	12	39
39	0	2
39	9	522
7	13	41
510	10	41
14	5	41
10	4	41
516	14	41
523	1	41
505	2	41
530	7	41
507	3	41
519	11	41
520	15	41
509	6	41
514	8	41
511	12	41
41	0	1
41	9	522
7	13	42
510	10	42
14	5	42
12	4	42
5	14	42
523	1	42
505	2	42
501	7	42
502	3	42
519	11	42
520	15	42
509	6	42
514	8	42
511	12	42
42	0	0
42	9	504
7	13	43
510	10	43
14	5	43
12	4	43
5	14	43
523	1	43
505	2	43
501	7	43
502	3	43
519	11	43
520	15	43
525	6	43
514	8	43
511	12	43
43	0	0
43	9	522
7	13	44
510	10	44
14	5	44
12	4	44
5	14	44
523	1	44
505	2	44
501	7	44
507	3	44
519	11	44
520	15	44
509	6	44
514	8	44
511	12	44
44	0	0
44	9	522
7	13	45
510	10	45
14	5	45
12	4	45
5	14	45
523	1	45
505	2	45
530	7	45
502	3	45
8	11	45
520	15	45
525	6	45
499	8	45
511	12	45
45	0	1
45	9	504
7	13	46
510	10	46
14	5	46
12	4	46
5	14	46
523	1	46
505	2	46
530	7	46
502	3	46
519	11	46
520	15	46
509	6	46
514	8	46
511	12	46
46	0	1
46	9	522
7	13	47
510	10	47
15	5	47
10	4	47
516	14	47
523	1	47
505	2	47
501	7	47
502	3	47
519	11	47
520	15	47
509	6	47
514	8	47
511	12	47
47	0	0
47	9	503
7	13	48
510	10	48
16	5	48
10	4	48
5	14	48
523	1	48
6	2	48
501	7	48
502	3	48
8	11	48
521	15	48
527	6	48
514	8	48
511	12	48
48	0	2
48	9	522
7	13	49
510	10	49
16	5	49
10	4	49
5	14	49
523	1	49
6	2	49
501	7	49
507	3	49
8	11	49
521	15	49
527	6	49
514	8	49
511	12	49
49	0	0
49	9	522
7	13	50
510	10	50
16	5	50
10	4	50
5	14	50
523	1	50
500	2	50
501	7	50
508	3	50
8	11	50
521	15	50
527	6	50
499	8	50
511	12	50
50	0	0
50	9	522
7	13	52
510	10	52
16	5	52
10	4	52
5	14	52
523	1	52
505	2	52
501	7	52
502	3	52
8	11	52
520	15	52
509	6	52
499	8	52
511	12	52
52	0	1
52	9	504
7	13	53
510	10	53
16	5	53
10	4	53
5	14	53
523	1	53
505	2	53
501	7	53
502	3	53
8	11	53
521	15	53
527	6	53
514	8	53
511	12	53
53	0	1
53	9	522
7	13	54
510	10	54
16	5	54
10	4	54
5	14	54
523	1	54
505	2	54
501	7	54
502	3	54
519	11	54
520	15	54
509	6	54
514	8	54
511	12	54
54	0	1
54	9	522
7	13	55
510	10	55
16	5	55
10	4	55
5	14	55
523	1	55
505	2	55
501	7	55
507	3	55
519	11	55
520	15	55
509	6	55
514	8	55
511	12	55
55	0	0
55	9	522
7	13	56
510	10	56
16	5	56
10	4	56
5	14	56
523	1	56
505	2	56
501	7	56
507	3	56
519	11	56
520	15	56
525	6	56
514	8	56
511	12	56
56	0	0
56	9	518
7	13	57
510	10	57
16	5	57
10	4	57
5	14	57
523	1	57
505	2	57
501	7	57
508	3	57
8	11	57
520	15	57
509	6	57
499	8	57
511	12	57
57	0	0
57	9	522
7	13	58
510	10	58
16	5	58
10	4	58
5	14	58
523	1	58
505	2	58
530	7	58
502	3	58
519	11	58
520	15	58
525	6	58
514	8	58
511	12	58
58	0	1
58	9	522
7	13	59
510	10	59
16	5	59
10	4	59
516	14	59
523	1	59
505	2	59
501	7	59
502	3	59
519	11	59
520	15	59
509	6	59
514	8	59
511	12	59
59	0	0
59	9	518
7	13	60
510	10	60
16	5	60
10	4	60
524	14	60
523	1	60
6	2	60
501	7	60
508	3	60
8	11	60
521	15	60
527	6	60
514	8	60
511	12	60
60	0	1
60	9	522
7	13	61
510	10	61
16	5	61
10	4	61
524	14	61
523	1	61
500	2	61
501	7	61
502	3	61
8	11	61
521	15	61
527	6	61
514	8	61
511	12	61
61	0	0
61	9	518
7	13	63
510	10	63
16	5	63
10	4	63
524	14	63
523	1	63
505	2	63
501	7	63
502	3	63
8	11	63
520	15	63
509	6	63
499	8	63
511	12	63
63	0	0
63	9	522
7	13	64
510	10	64
16	5	64
10	4	64
524	14	64
523	1	64
505	2	64
501	7	64
502	3	64
8	11	64
521	15	64
527	6	64
499	8	64
511	12	64
64	0	0
64	9	504
7	13	65
510	10	65
16	5	65
10	4	65
524	14	65
523	1	65
505	2	65
501	7	65
502	3	65
519	11	65
520	15	65
509	6	65
514	8	65
511	12	65
65	0	0
65	9	522
7	13	66
510	10	66
16	5	66
10	4	66
524	14	66
523	1	66
505	2	66
501	7	66
502	3	66
519	11	66
520	15	66
525	6	66
514	8	66
511	12	66
66	0	0
66	9	522
7	13	67
510	10	67
16	5	67
10	4	67
524	14	67
523	1	67
505	2	67
501	7	67
507	3	67
519	11	67
520	15	67
509	6	67
514	8	67
511	12	67
67	0	0
67	9	522
7	13	68
510	10	68
16	5	68
10	4	68
524	14	68
523	1	68
505	2	68
501	7	68
507	3	68
519	11	68
520	15	68
525	6	68
514	8	68
511	12	68
68	0	0
68	9	522
7	13	69
510	10	69
16	5	69
10	4	69
524	14	69
523	1	69
505	2	69
501	7	69
508	3	69
8	11	69
520	15	69
509	6	69
499	8	69
511	12	69
69	0	0
69	9	522
7	13	70
510	10	70
16	5	70
10	4	70
524	14	70
523	1	70
505	2	70
501	7	70
508	3	70
519	11	70
520	15	70
509	6	70
514	8	70
511	12	70
70	0	0
70	9	522
7	13	71
510	10	71
16	5	71
10	4	71
524	14	71
523	1	71
505	2	71
530	7	71
508	3	71
519	11	71
520	15	71
525	6	71
514	8	71
511	12	71
71	0	0
71	9	522
7	13	72
510	10	72
16	5	72
11	4	72
5	14	72
523	1	72
505	2	72
501	7	72
502	3	72
8	11	72
520	15	72
509	6	72
499	8	72
511	12	72
72	0	0
72	9	522
7	13	74
510	10	74
16	5	74
11	4	74
5	14	74
523	1	74
505	2	74
501	7	74
502	3	74
8	11	74
521	15	74
527	6	74
499	8	74
511	12	74
74	0	0
74	9	503
7	13	75
510	10	75
16	5	75
11	4	75
5	14	75
523	1	75
505	2	75
501	7	75
502	3	75
519	11	75
520	15	75
509	6	75
514	8	75
511	12	75
75	0	0
75	9	522
7	13	76
510	10	76
16	5	76
11	4	76
5	14	76
523	1	76
505	2	76
501	7	76
508	3	76
8	11	76
520	15	76
525	6	76
499	8	76
511	12	76
76	0	0
76	9	522
7	13	77
510	10	77
16	5	77
11	4	77
5	14	77
523	1	77
505	2	77
501	7	77
508	3	77
8	11	77
521	15	77
527	6	77
499	8	77
511	12	77
77	0	0
77	9	522
7	13	78
510	10	78
16	5	78
11	4	78
5	14	78
523	1	78
505	2	78
530	7	78
502	3	78
519	11	78
520	15	78
509	6	78
514	8	78
511	12	78
78	0	0
78	9	522
7	13	79
515	10	79
14	5	79
10	4	79
5	14	79
523	1	79
6	2	79
501	7	79
507	3	79
8	11	79
521	15	79
527	6	79
514	8	79
506	12	79
79	0	0
79	9	522
7	13	80
515	10	80
14	5	80
10	4	80
5	14	80
523	1	80
500	2	80
501	7	80
502	3	80
8	11	80
521	15	80
527	6	80
514	8	80
506	12	80
80	0	0
80	9	522
7	13	81
515	10	81
14	5	81
10	4	81
5	14	81
523	1	81
500	2	81
530	7	81
507	3	81
8	11	81
521	15	81
527	6	81
514	8	81
506	12	81
81	0	1
81	9	9
7	13	82
515	10	82
14	5	82
10	4	82
5	14	82
523	1	82
505	2	82
501	7	82
502	3	82
8	11	82
520	15	82
509	6	82
499	8	82
506	12	82
82	0	0
82	9	522
7	13	83
515	10	83
14	5	83
10	4	83
5	14	83
523	1	83
505	2	83
501	7	83
502	3	83
8	11	83
520	15	83
528	6	83
499	8	83
506	12	83
83	0	3
83	9	503
7	13	85
515	10	85
14	5	85
10	4	85
5	14	85
523	1	85
505	2	85
501	7	85
502	3	85
8	11	85
521	15	85
527	6	85
499	8	85
506	12	85
85	0	0
85	9	522
7	13	86
515	10	86
14	5	86
10	4	86
5	14	86
523	1	86
505	2	86
501	7	86
502	3	86
519	11	86
520	15	86
509	6	86
514	8	86
506	12	86
86	0	2
86	9	522
7	13	87
515	10	87
14	5	87
10	4	87
5	14	87
523	1	87
505	2	87
501	7	87
502	3	87
519	11	87
520	15	87
525	6	87
514	8	87
506	12	87
87	0	1
87	9	503
7	13	88
515	10	88
14	5	88
10	4	88
5	14	88
523	1	88
505	2	88
501	7	88
507	3	88
519	11	88
520	15	88
509	6	88
514	8	88
506	12	88
88	0	1
88	9	522
7	13	89
515	10	89
14	5	89
10	4	89
5	14	89
523	1	89
505	2	89
501	7	89
507	3	89
519	11	89
520	15	89
525	6	89
514	8	89
506	12	89
89	0	0
89	9	522
7	13	90
515	10	90
14	5	90
10	4	90
5	14	90
523	1	90
505	2	90
501	7	90
508	3	90
8	11	90
520	15	90
509	6	90
499	8	90
506	12	90
90	0	1
90	9	522
7	13	91
515	10	91
14	5	91
10	4	91
5	14	91
523	1	91
505	2	91
501	7	91
508	3	91
8	11	91
520	15	91
528	6	91
499	8	91
506	12	91
91	0	3
91	9	503
7	13	92
515	10	92
14	5	92
10	4	92
5	14	92
523	1	92
505	2	92
501	7	92
508	3	92
519	11	92
520	15	92
509	6	92
514	8	92
506	12	92
92	0	0
92	9	503
7	13	93
515	10	93
14	5	93
10	4	93
5	14	93
523	1	93
505	2	93
530	7	93
502	3	93
8	11	93
520	15	93
509	6	93
499	8	93
506	12	93
93	0	1
93	9	503
7	13	94
515	10	94
14	5	94
10	4	94
5	14	94
523	1	94
505	2	94
530	7	94
502	3	94
519	11	94
520	15	94
509	6	94
514	8	94
506	12	94
94	0	1
94	9	522
7	13	96
515	10	96
14	5	96
10	4	96
5	14	96
523	1	96
505	2	96
530	7	96
502	3	96
519	11	96
520	15	96
525	6	96
514	8	96
506	12	96
96	0	1
96	9	503
7	13	97
515	10	97
14	5	97
10	4	97
5	14	97
523	1	97
505	2	97
530	7	97
508	3	97
8	11	97
520	15	97
509	6	97
499	8	97
506	12	97
97	0	0
97	9	522
7	13	98
515	10	98
14	5	98
10	4	98
5	14	98
523	1	98
505	2	98
530	7	98
508	3	98
8	11	98
520	15	98
525	6	98
499	8	98
506	12	98
98	0	1
98	9	522
7	13	99
515	10	99
14	5	99
10	4	99
5	14	99
523	1	99
505	2	99
530	7	99
508	3	99
8	11	99
521	15	99
527	6	99
514	8	99
506	12	99
99	0	1
99	9	522
7	13	100
515	10	100
14	5	100
10	4	100
516	14	100
523	1	100
6	2	100
501	7	100
502	3	100
8	11	100
521	15	100
527	6	100
514	8	100
506	12	100
100	0	2
100	9	522
7	13	101
515	10	101
14	5	101
10	4	101
516	14	101
523	1	101
6	2	101
501	7	101
508	3	101
8	11	101
521	15	101
527	6	101
499	8	101
506	12	101
101	0	1
101	9	522
7	13	102
515	10	102
14	5	102
10	4	102
516	14	102
523	1	102
6	2	102
530	7	102
502	3	102
8	11	102
521	15	102
527	6	102
514	8	102
506	12	102
102	0	2
102	9	503
7	13	103
515	10	103
14	5	103
10	4	103
516	14	103
523	1	103
500	2	103
501	7	103
502	3	103
8	11	103
521	15	103
527	6	103
499	8	103
506	12	103
103	0	2
103	9	503
7	13	104
515	10	104
14	5	104
10	4	104
516	14	104
523	1	104
500	2	104
501	7	104
502	3	104
8	11	104
521	15	104
527	6	104
514	8	104
506	12	104
104	0	2
104	9	522
7	13	105
515	10	105
14	5	105
10	4	105
516	14	105
523	1	105
500	2	105
530	7	105
502	3	105
8	11	105
521	15	105
527	6	105
514	8	105
506	12	105
105	0	2
105	9	522
7	13	107
515	10	107
14	5	107
10	4	107
516	14	107
523	1	107
505	2	107
501	7	107
502	3	107
8	11	107
520	15	107
509	6	107
499	8	107
506	12	107
107	0	2
107	9	522
7	13	108
515	10	108
14	5	108
10	4	108
516	14	108
523	1	108
505	2	108
501	7	108
502	3	108
8	11	108
520	15	108
525	6	108
499	8	108
506	12	108
108	0	1
108	9	522
7	13	109
515	10	109
14	5	109
10	4	109
516	14	109
523	1	109
505	2	109
501	7	109
502	3	109
519	11	109
520	15	109
509	6	109
514	8	109
506	12	109
109	0	3
109	9	522
7	13	110
515	10	110
14	5	110
10	4	110
516	14	110
523	1	110
505	2	110
501	7	110
502	3	110
519	11	110
520	15	110
525	6	110
514	8	110
506	12	110
110	0	3
110	9	522
7	13	111
515	10	111
14	5	111
10	4	111
516	14	111
523	1	111
505	2	111
501	7	111
507	3	111
8	11	111
521	15	111
527	6	111
514	8	111
506	12	111
111	0	1
111	9	503
7	13	112
515	10	112
14	5	112
10	4	112
516	14	112
523	1	112
505	2	112
501	7	112
507	3	112
519	11	112
520	15	112
509	6	112
514	8	112
506	12	112
112	0	2
112	9	522
7	13	113
515	10	113
14	5	113
10	4	113
516	14	113
523	1	113
505	2	113
501	7	113
508	3	113
8	11	113
520	15	113
509	6	113
499	8	113
506	12	113
113	0	2
113	9	522
7	13	114
515	10	114
14	5	114
10	4	114
516	14	114
523	1	114
505	2	114
501	7	114
508	3	114
8	11	114
520	15	114
525	6	114
499	8	114
506	12	114
114	0	1
114	9	522
7	13	115
515	10	115
14	5	115
10	4	115
516	14	115
523	1	115
505	2	115
501	7	115
508	3	115
8	11	115
521	15	115
527	6	115
499	8	115
506	12	115
115	0	2
115	9	503
7	13	116
515	10	116
14	5	116
10	4	116
516	14	116
523	1	116
505	2	116
501	7	116
508	3	116
519	11	116
520	15	116
509	6	116
514	8	116
506	12	116
116	0	2
116	9	522
7	13	118
515	10	118
14	5	118
10	4	118
516	14	118
523	1	118
505	2	118
501	7	118
508	3	118
519	11	118
520	15	118
525	6	118
514	8	118
506	12	118
118	0	2
118	9	522
7	13	119
515	10	119
14	5	119
10	4	119
516	14	119
523	1	119
505	2	119
530	7	119
502	3	119
8	11	119
520	15	119
509	6	119
499	8	119
506	12	119
119	0	2
119	9	522
7	13	120
515	10	120
14	5	120
10	4	120
516	14	120
523	1	120
505	2	120
530	7	120
502	3	120
519	11	120
520	15	120
509	6	120
514	8	120
506	12	120
120	0	2
120	9	522
7	13	121
515	10	121
14	5	121
10	4	121
516	14	121
523	1	121
505	2	121
530	7	121
502	3	121
519	11	121
520	15	121
525	6	121
514	8	121
506	12	121
121	0	2
121	9	522
7	13	122
515	10	122
14	5	122
10	4	122
516	14	122
523	1	122
505	2	122
530	7	122
507	3	122
519	11	122
520	15	122
509	6	122
514	8	122
506	12	122
122	0	1
122	9	503
7	13	123
515	10	123
14	5	123
10	4	123
516	14	123
523	1	123
505	2	123
530	7	123
508	3	123
8	11	123
520	15	123
509	6	123
499	8	123
506	12	123
123	0	2
123	9	522
7	13	124
515	10	124
14	5	124
10	4	124
516	14	124
523	1	124
505	2	124
530	7	124
508	3	124
8	11	124
520	15	124
525	6	124
499	8	124
506	12	124
124	0	2
124	9	503
7	13	125
515	10	125
14	5	125
10	4	125
516	14	125
523	1	125
505	2	125
530	7	125
508	3	125
8	11	125
521	15	125
527	6	125
499	8	125
506	12	125
125	0	2
125	9	522
7	13	126
515	10	126
14	5	126
10	4	126
516	14	126
523	1	126
505	2	126
530	7	126
508	3	126
519	11	126
520	15	126
509	6	126
514	8	126
506	12	126
126	0	1
126	9	503
7	13	127
515	10	127
15	5	127
10	4	127
516	14	127
523	1	127
505	2	127
501	7	127
502	3	127
8	11	127
520	15	127
509	6	127
499	8	127
506	12	127
127	0	0
127	9	522
7	13	130
515	10	130
15	5	130
10	4	130
516	14	130
523	1	130
505	2	130
501	7	130
502	3	130
8	11	130
520	15	130
528	6	130
499	8	130
506	12	130
130	0	3
130	9	503
7	13	131
515	10	131
15	5	131
10	4	131
516	14	131
523	1	131
505	2	131
501	7	131
502	3	131
519	11	131
520	15	131
509	6	131
514	8	131
506	12	131
131	0	2
131	9	503
7	13	132
515	10	132
15	5	132
10	4	132
516	14	132
523	1	132
505	2	132
501	7	132
502	3	132
519	11	132
520	15	132
525	6	132
514	8	132
506	12	132
132	0	2
132	9	522
7	13	133
515	10	133
15	5	133
10	4	133
516	14	133
523	1	133
505	2	133
501	7	133
507	3	133
8	11	133
520	15	133
528	6	133
514	8	133
506	12	133
133	0	3
133	9	503
7	13	134
515	10	134
15	5	134
10	4	134
516	14	134
523	1	134
505	2	134
501	7	134
507	3	134
519	11	134
520	15	134
509	6	134
514	8	134
506	12	134
134	0	0
134	9	522
7	13	135
515	10	135
15	5	135
10	4	135
516	14	135
523	1	135
505	2	135
501	7	135
508	3	135
8	11	135
520	15	135
525	6	135
499	8	135
506	12	135
135	0	1
135	9	503
7	13	136
515	10	136
15	5	136
10	4	136
516	14	136
523	1	136
505	2	136
530	7	136
502	3	136
8	11	136
521	15	136
527	6	136
499	8	136
506	12	136
136	0	2
136	9	503
7	13	137
515	10	137
15	5	137
10	4	137
516	14	137
523	1	137
505	2	137
530	7	137
502	3	137
519	11	137
520	15	137
509	6	137
514	8	137
506	12	137
137	0	2
137	9	522
7	13	138
515	10	138
15	5	138
10	4	138
516	14	138
523	1	138
505	2	138
530	7	138
502	3	138
519	11	138
520	15	138
525	6	138
514	8	138
506	12	138
138	0	2
138	9	522
7	13	139
515	10	139
16	5	139
10	4	139
5	14	139
523	1	139
6	2	139
501	7	139
502	3	139
8	11	139
521	15	139
527	6	139
514	8	139
506	12	139
139	0	0
139	9	503
7	13	141
515	10	141
16	5	141
10	4	141
5	14	141
523	1	141
500	2	141
501	7	141
502	3	141
8	11	141
521	15	141
527	6	141
514	8	141
506	12	141
141	0	0
141	9	522
7	13	142
515	10	142
16	5	142
10	4	142
5	14	142
523	1	142
505	2	142
501	7	142
502	3	142
519	11	142
520	15	142
509	6	142
514	8	142
506	12	142
142	0	0
142	9	522
7	13	143
515	10	143
16	5	143
10	4	143
5	14	143
523	1	143
505	2	143
501	7	143
508	3	143
8	11	143
521	15	143
527	6	143
514	8	143
506	12	143
143	0	0
143	9	503
7	13	144
515	10	144
16	5	144
10	4	144
5	14	144
523	1	144
505	2	144
501	7	144
508	3	144
519	11	144
520	15	144
509	6	144
514	8	144
506	12	144
144	0	0
144	9	518
7	13	145
515	10	145
16	5	145
10	4	145
516	14	145
523	1	145
505	2	145
501	7	145
502	3	145
8	11	145
520	15	145
509	6	145
499	8	145
506	12	145
145	0	0
145	9	522
7	13	146
515	10	146
16	5	146
10	4	146
516	14	146
523	1	146
505	2	146
501	7	146
502	3	146
8	11	146
521	15	146
527	6	146
514	8	146
506	12	146
146	0	1
146	9	503
7	13	147
515	10	147
16	5	147
10	4	147
516	14	147
523	1	147
505	2	147
501	7	147
502	3	147
519	11	147
520	15	147
509	6	147
514	8	147
506	12	147
147	0	0
147	9	503
7	13	148
515	10	148
16	5	148
10	4	148
516	14	148
523	1	148
505	2	148
501	7	148
507	3	148
519	11	148
520	15	148
525	6	148
514	8	148
506	12	148
148	0	1
148	9	522
7	13	149
515	10	149
16	5	149
10	4	149
516	14	149
523	1	149
505	2	149
501	7	149
508	3	149
8	11	149
520	15	149
509	6	149
499	8	149
506	12	149
149	0	0
149	9	522
7	13	150
515	10	150
16	5	150
10	4	150
516	14	150
523	1	150
505	2	150
530	7	150
502	3	150
519	11	150
520	15	150
509	6	150
514	8	150
506	12	150
150	0	2
150	9	522
7	13	152
515	10	152
16	5	152
10	4	152
524	14	152
523	1	152
6	2	152
501	7	152
502	3	152
8	11	152
521	15	152
527	6	152
514	8	152
506	12	152
152	0	1
152	9	522
7	13	153
515	10	153
16	5	153
10	4	153
524	14	153
523	1	153
6	2	153
530	7	153
502	3	153
8	11	153
521	15	153
527	6	153
514	8	153
506	12	153
153	0	0
153	9	522
7	13	154
515	10	154
16	5	154
10	4	154
524	14	154
523	1	154
505	2	154
501	7	154
502	3	154
8	11	154
521	15	154
527	6	154
499	8	154
506	12	154
154	0	0
154	9	522
7	13	155
515	10	155
16	5	155
10	4	155
524	14	155
523	1	155
505	2	155
501	7	155
502	3	155
519	11	155
520	15	155
509	6	155
514	8	155
506	12	155
155	0	0
155	9	522
7	13	156
515	10	156
16	5	156
10	4	156
524	14	156
523	1	156
505	2	156
501	7	156
502	3	156
519	11	156
520	15	156
525	6	156
514	8	156
506	12	156
156	0	1
156	9	522
7	13	157
515	10	157
16	5	157
10	4	157
524	14	157
523	1	157
505	2	157
501	7	157
507	3	157
519	11	157
520	15	157
509	6	157
514	8	157
506	12	157
157	0	0
157	9	522
7	13	158
515	10	158
16	5	158
10	4	158
524	14	158
523	1	158
505	2	158
501	7	158
508	3	158
8	11	158
520	15	158
509	6	158
499	8	158
506	12	158
158	0	0
158	9	522
7	13	159
515	10	159
16	5	159
10	4	159
524	14	159
523	1	159
505	2	159
501	7	159
508	3	159
8	11	159
521	15	159
527	6	159
499	8	159
506	12	159
159	0	0
159	9	522
7	13	160
515	10	160
16	5	160
10	4	160
524	14	160
523	1	160
505	2	160
501	7	160
508	3	160
519	11	160
520	15	160
509	6	160
514	8	160
506	12	160
160	0	0
160	9	522
7	13	161
515	10	161
16	5	161
10	4	161
524	14	161
523	1	161
505	2	161
501	7	161
508	3	161
519	11	161
520	15	161
525	6	161
514	8	161
506	12	161
161	0	0
161	9	522
7	13	163
515	10	163
16	5	163
10	4	163
524	14	163
523	1	163
505	2	163
530	7	163
502	3	163
519	11	163
520	15	163
509	6	163
514	8	163
506	12	163
163	0	0
163	9	522
7	13	164
515	10	164
16	5	164
10	4	164
524	14	164
523	1	164
505	2	164
530	7	164
502	3	164
519	11	164
520	15	164
525	6	164
514	8	164
506	12	164
164	0	1
164	9	522
7	13	165
515	10	165
16	5	165
11	4	165
516	14	165
523	1	165
505	2	165
501	7	165
507	3	165
8	11	165
521	15	165
527	6	165
514	8	165
511	12	165
165	0	1
165	9	522
7	13	166
515	10	166
16	5	166
11	4	166
516	14	166
523	1	166
505	2	166
501	7	166
507	3	166
519	11	166
520	15	166
509	6	166
514	8	166
511	12	166
166	0	0
166	9	522
7	13	167
515	10	167
16	5	167
11	4	167
516	14	167
523	1	167
505	2	167
530	7	167
502	3	167
8	11	167
520	15	167
509	6	167
499	8	167
511	12	167
167	0	1
167	9	503
13	13	168
510	10	168
14	5	168
10	4	168
516	14	168
523	1	168
505	2	168
501	7	168
502	3	168
8	11	168
521	15	168
527	6	168
514	8	168
511	12	168
168	0	1
168	9	522
13	13	169
510	10	169
14	5	169
12	4	169
516	14	169
523	1	169
6	2	169
501	7	169
502	3	169
8	11	169
521	15	169
527	6	169
514	8	169
511	12	169
169	0	1
169	9	522
13	13	170
510	10	170
14	5	170
12	4	170
516	14	170
523	1	170
6	2	170
501	7	170
508	3	170
8	11	170
521	15	170
527	6	170
514	8	170
511	12	170
170	0	1
170	9	522
13	13	171
510	10	171
14	5	171
12	4	171
516	14	171
523	1	171
500	2	171
501	7	171
502	3	171
8	11	171
521	15	171
527	6	171
514	8	171
511	12	171
171	0	1
171	9	522
13	13	172
510	10	172
14	5	172
12	4	172
516	14	172
523	1	172
500	2	172
530	7	172
502	3	172
8	11	172
521	15	172
527	6	172
514	8	172
511	12	172
172	0	2
172	9	522
13	13	174
510	10	174
14	5	174
12	4	174
516	14	174
523	1	174
505	2	174
501	7	174
502	3	174
8	11	174
521	15	174
527	6	174
514	8	174
511	12	174
174	0	2
174	9	522
13	13	175
510	10	175
14	5	175
12	4	175
516	14	175
523	1	175
505	2	175
501	7	175
502	3	175
519	11	175
520	15	175
509	6	175
514	8	175
511	12	175
175	0	1
175	9	522
13	13	176
510	10	176
14	5	176
12	4	176
516	14	176
523	1	176
505	2	176
501	7	176
502	3	176
519	11	176
520	15	176
525	6	176
514	8	176
511	12	176
176	0	2
176	9	522
13	13	177
510	10	177
14	5	177
12	4	177
516	14	177
523	1	177
505	2	177
501	7	177
507	3	177
8	11	177
521	15	177
527	6	177
514	8	177
511	12	177
177	0	1
177	9	522
13	13	178
510	10	178
14	5	178
12	4	178
516	14	178
523	1	178
505	2	178
501	7	178
507	3	178
519	11	178
520	15	178
509	6	178
514	8	178
511	12	178
178	0	2
178	9	522
13	13	179
510	10	179
14	5	179
12	4	179
516	14	179
523	1	179
505	2	179
501	7	179
508	3	179
8	11	179
520	15	179
509	6	179
499	8	179
511	12	179
179	0	0
179	9	504
13	13	180
510	10	180
14	5	180
12	4	180
516	14	180
523	1	180
505	2	180
530	7	180
502	3	180
519	11	180
520	15	180
509	6	180
514	8	180
511	12	180
180	0	1
180	9	522
13	13	181
510	10	181
16	5	181
10	4	181
5	14	181
523	1	181
6	2	181
501	7	181
502	3	181
8	11	181
521	15	181
527	6	181
514	8	181
511	12	181
181	0	0
181	9	522
13	13	182
510	10	182
16	5	182
10	4	182
5	14	182
523	1	182
6	2	182
501	7	182
507	3	182
8	11	182
521	15	182
527	6	182
514	8	182
511	12	182
182	0	0
182	9	522
13	13	183
510	10	183
16	5	183
10	4	183
5	14	183
523	1	183
500	2	183
501	7	183
502	3	183
8	11	183
521	15	183
527	6	183
499	8	183
511	12	183
183	0	0
183	9	503
13	13	185
510	10	185
16	5	185
10	4	185
5	14	185
523	1	185
500	2	185
501	7	185
507	3	185
8	11	185
521	15	185
527	6	185
514	8	185
511	12	185
185	0	0
185	9	522
13	13	186
510	10	186
16	5	186
10	4	186
5	14	186
523	1	186
500	2	186
530	7	186
502	3	186
8	11	186
521	15	186
527	6	186
514	8	186
511	12	186
186	0	1
186	9	522
13	13	187
510	10	187
16	5	187
10	4	187
5	14	187
523	1	187
505	2	187
501	7	187
502	3	187
8	11	187
520	15	187
509	6	187
499	8	187
511	12	187
187	0	0
187	9	504
13	13	188
510	10	188
16	5	188
10	4	188
5	14	188
523	1	188
505	2	188
501	7	188
502	3	188
8	11	188
521	15	188
527	6	188
514	8	188
511	12	188
188	0	0
188	9	503
13	13	189
510	10	189
16	5	189
10	4	189
5	14	189
523	1	189
505	2	189
501	7	189
502	3	189
519	11	189
520	15	189
509	6	189
514	8	189
511	12	189
189	0	1
189	9	522
13	13	190
510	10	190
16	5	190
10	4	190
5	14	190
523	1	190
505	2	190
501	7	190
508	3	190
8	11	190
520	15	190
509	6	190
499	8	190
511	12	190
190	0	0
190	9	522
13	13	191
510	10	191
16	5	191
10	4	191
5	14	191
523	1	191
505	2	191
530	7	191
502	3	191
519	11	191
520	15	191
509	6	191
514	8	191
511	12	191
191	0	0
191	9	522
13	13	192
510	10	192
16	5	192
10	4	192
516	14	192
523	1	192
6	2	192
501	7	192
507	3	192
8	11	192
521	15	192
527	6	192
514	8	192
511	12	192
192	0	1
192	9	522
13	13	193
510	10	193
16	5	193
10	4	193
516	14	193
523	1	193
6	2	193
501	7	193
508	3	193
8	11	193
521	15	193
527	6	193
499	8	193
511	12	193
193	0	2
193	9	522
13	13	194
510	10	194
16	5	194
10	4	194
516	14	194
523	1	194
6	2	194
530	7	194
502	3	194
8	11	194
521	15	194
527	6	194
514	8	194
511	12	194
194	0	2
194	9	522
13	13	196
510	10	196
16	5	196
10	4	196
516	14	196
523	1	196
505	2	196
501	7	196
502	3	196
8	11	196
520	15	196
509	6	196
499	8	196
511	12	196
196	0	2
196	9	504
13	13	197
510	10	197
16	5	197
10	4	197
516	14	197
523	1	197
505	2	197
501	7	197
502	3	197
8	11	197
520	15	197
525	6	197
499	8	197
511	12	197
197	0	2
197	9	522
13	13	198
510	10	198
16	5	198
10	4	198
516	14	198
523	1	198
505	2	198
501	7	198
502	3	198
8	11	198
521	15	198
527	6	198
499	8	198
511	12	198
198	0	1
198	9	518
13	13	199
510	10	199
16	5	199
10	4	199
516	14	199
523	1	199
505	2	199
501	7	199
502	3	199
8	11	199
521	15	199
527	6	199
514	8	199
511	12	199
199	0	1
199	9	522
13	13	200
510	10	200
16	5	200
10	4	200
516	14	200
523	1	200
505	2	200
501	7	200
502	3	200
519	11	200
520	15	200
509	6	200
514	8	200
511	12	200
200	0	2
200	9	522
13	13	201
510	10	201
16	5	201
10	4	201
516	14	201
523	1	201
505	2	201
501	7	201
502	3	201
519	11	201
520	15	201
525	6	201
514	8	201
511	12	201
201	0	2
201	9	522
13	13	202
510	10	202
16	5	202
10	4	202
516	14	202
523	1	202
505	2	202
501	7	202
507	3	202
8	11	202
521	15	202
527	6	202
514	8	202
511	12	202
202	0	1
202	9	522
13	13	203
510	10	203
16	5	203
10	4	203
516	14	203
523	1	203
505	2	203
501	7	203
507	3	203
519	11	203
520	15	203
509	6	203
514	8	203
511	12	203
203	0	0
203	9	522
13	13	204
510	10	204
16	5	204
10	4	204
516	14	204
523	1	204
505	2	204
501	7	204
508	3	204
8	11	204
520	15	204
509	6	204
499	8	204
511	12	204
204	0	2
204	9	504
13	13	205
510	10	205
16	5	205
10	4	205
516	14	205
523	1	205
505	2	205
501	7	205
508	3	205
8	11	205
520	15	205
525	6	205
499	8	205
511	12	205
205	0	1
205	9	503
13	13	207
510	10	207
16	5	207
10	4	207
516	14	207
523	1	207
505	2	207
501	7	207
508	3	207
8	11	207
521	15	207
527	6	207
499	8	207
511	12	207
207	0	2
207	9	522
13	13	208
510	10	208
16	5	208
10	4	208
516	14	208
523	1	208
505	2	208
501	7	208
508	3	208
519	11	208
520	15	208
509	6	208
514	8	208
511	12	208
208	0	0
208	9	522
13	13	209
510	10	209
16	5	209
10	4	209
516	14	209
523	1	209
505	2	209
501	7	209
508	3	209
519	11	209
520	15	209
525	6	209
514	8	209
511	12	209
209	0	1
209	9	522
13	13	210
510	10	210
16	5	210
10	4	210
516	14	210
523	1	210
505	2	210
530	7	210
502	3	210
8	11	210
520	15	210
509	6	210
499	8	210
511	12	210
210	0	1
210	9	522
13	13	211
510	10	211
16	5	211
10	4	211
516	14	211
523	1	211
505	2	211
530	7	211
502	3	211
519	11	211
520	15	211
509	6	211
514	8	211
511	12	211
211	0	2
211	9	522
13	13	212
510	10	212
16	5	212
10	4	212
516	14	212
523	1	212
505	2	212
530	7	212
507	3	212
519	11	212
520	15	212
509	6	212
514	8	212
511	12	212
212	0	2
212	9	522
13	13	213
515	10	213
16	5	213
10	4	213
5	14	213
523	1	213
6	2	213
501	7	213
502	3	213
8	11	213
521	15	213
527	6	213
499	8	213
506	12	213
213	0	0
213	9	504
13	13	214
515	10	214
16	5	214
10	4	214
5	14	214
523	1	214
505	2	214
501	7	214
502	3	214
519	11	214
520	15	214
525	6	214
514	8	214
506	12	214
214	0	0
214	9	504
13	13	215
515	10	215
16	5	215
10	4	215
5	14	215
523	1	215
505	2	215
530	7	215
502	3	215
519	11	215
520	15	215
509	6	215
514	8	215
506	12	215
215	0	1
215	9	522
13	13	216
515	10	216
16	5	216
10	4	216
524	14	216
523	1	216
6	2	216
530	7	216
507	3	216
8	11	216
521	15	216
527	6	216
514	8	216
506	12	216
216	0	0
216	9	522
13	13	218
515	10	218
16	5	218
10	4	218
524	14	218
523	1	218
500	2	218
501	7	218
502	3	218
8	11	218
521	15	218
527	6	218
514	8	218
506	12	218
218	0	0
218	9	522
13	13	219
515	10	219
16	5	219
10	4	219
524	14	219
523	1	219
500	2	219
530	7	219
507	3	219
8	11	219
521	15	219
527	6	219
514	8	219
506	12	219
219	0	0
219	9	522
13	13	220
515	10	220
16	5	220
10	4	220
524	14	220
523	1	220
505	2	220
501	7	220
502	3	220
8	11	220
520	15	220
509	6	220
499	8	220
506	12	220
220	0	0
220	9	522
13	13	221
515	10	221
16	5	221
10	4	221
524	14	221
523	1	221
505	2	221
501	7	221
502	3	221
8	11	221
521	15	221
527	6	221
499	8	221
506	12	221
221	0	0
221	9	522
13	13	222
515	10	222
16	5	222
10	4	222
524	14	222
523	1	222
505	2	222
501	7	222
502	3	222
8	11	222
521	15	222
527	6	222
514	8	222
506	12	222
222	0	0
222	9	522
13	13	223
515	10	223
16	5	223
10	4	223
524	14	223
523	1	223
505	2	223
501	7	223
502	3	223
519	11	223
520	15	223
509	6	223
514	8	223
506	12	223
223	0	1
223	9	522
13	13	224
515	10	224
16	5	224
10	4	224
524	14	224
523	1	224
505	2	224
501	7	224
502	3	224
519	11	224
520	15	224
525	6	224
514	8	224
506	12	224
224	0	0
224	9	522
13	13	225
515	10	225
16	5	225
10	4	225
524	14	225
523	1	225
505	2	225
501	7	225
507	3	225
519	11	225
520	15	225
509	6	225
514	8	225
506	12	225
225	0	0
225	9	522
13	13	226
515	10	226
16	5	226
10	4	226
524	14	226
523	1	226
505	2	226
501	7	226
507	3	226
519	11	226
520	15	226
525	6	226
514	8	226
506	12	226
226	0	1
226	9	522
13	13	227
515	10	227
16	5	227
10	4	227
524	14	227
523	1	227
505	2	227
501	7	227
508	3	227
8	11	227
520	15	227
509	6	227
499	8	227
506	12	227
227	0	0
227	9	522
13	13	229
515	10	229
16	5	229
10	4	229
524	14	229
523	1	229
505	2	229
501	7	229
508	3	229
8	11	229
520	15	229
525	6	229
499	8	229
506	12	229
229	0	0
229	9	522
13	13	230
515	10	230
16	5	230
10	4	230
524	14	230
523	1	230
505	2	230
501	7	230
508	3	230
8	11	230
521	15	230
527	6	230
499	8	230
506	12	230
230	0	0
230	9	522
13	13	231
515	10	231
16	5	231
10	4	231
524	14	231
523	1	231
505	2	231
501	7	231
508	3	231
519	11	231
520	15	231
509	6	231
514	8	231
506	12	231
231	0	0
231	9	522
13	13	232
515	10	232
16	5	232
10	4	232
524	14	232
523	1	232
505	2	232
530	7	232
502	3	232
519	11	232
520	15	232
509	6	232
514	8	232
506	12	232
232	0	0
232	9	522
13	13	233
515	10	233
16	5	233
10	4	233
524	14	233
523	1	233
505	2	233
530	7	233
507	3	233
8	11	233
521	15	233
527	6	233
514	8	233
506	12	233
233	0	0
233	9	522
13	13	234
515	10	234
16	5	234
10	4	234
524	14	234
523	1	234
505	2	234
530	7	234
507	3	234
519	11	234
520	15	234
509	6	234
514	8	234
506	12	234
234	0	0
234	9	522
13	13	235
515	10	235
16	5	235
10	4	235
524	14	235
523	1	235
505	2	235
530	7	235
507	3	235
519	11	235
520	15	235
525	6	235
514	8	235
506	12	235
235	0	0
235	9	522
512	13	236
510	10	236
14	5	236
10	4	236
5	14	236
513	1	236
505	2	236
501	7	236
508	3	236
8	11	236
520	15	236
509	6	236
499	8	236
511	12	236
236	0	0
236	9	522
512	13	237
510	10	237
16	5	237
10	4	237
5	14	237
513	1	237
505	2	237
501	7	237
502	3	237
8	11	237
520	15	237
525	6	237
499	8	237
511	12	237
237	0	0
237	9	503
512	13	238
510	10	238
16	5	238
10	4	238
5	14	238
513	1	238
505	2	238
501	7	238
502	3	238
8	11	238
521	15	238
527	6	238
499	8	238
511	12	238
238	0	0
238	9	522
512	13	241
510	10	241
16	5	241
10	4	241
5	14	241
513	1	241
505	2	241
501	7	241
502	3	241
8	11	241
521	15	241
527	6	241
514	8	241
511	12	241
241	0	0
241	9	522
512	13	242
510	10	242
16	5	242
10	4	242
5	14	242
513	1	242
505	2	242
501	7	242
502	3	242
519	11	242
520	15	242
509	6	242
514	8	242
511	12	242
242	0	1
242	9	522
512	13	243
510	10	243
16	5	243
10	4	243
5	14	243
513	1	243
505	2	243
501	7	243
502	3	243
519	11	243
520	15	243
525	6	243
514	8	243
511	12	243
243	0	0
243	9	522
512	13	244
510	10	244
16	5	244
10	4	244
5	14	244
513	1	244
505	2	244
501	7	244
507	3	244
8	11	244
521	15	244
527	6	244
514	8	244
511	12	244
244	0	1
244	9	522
512	13	245
510	10	245
16	5	245
10	4	245
5	14	245
513	1	245
505	2	245
501	7	245
507	3	245
519	11	245
520	15	245
509	6	245
514	8	245
511	12	245
245	0	0
245	9	522
512	13	246
510	10	246
16	5	246
10	4	246
5	14	246
513	1	246
505	2	246
501	7	246
508	3	246
8	11	246
520	15	246
509	6	246
499	8	246
511	12	246
246	0	0
246	9	522
512	13	247
510	10	247
16	5	247
10	4	247
5	14	247
513	1	247
505	2	247
501	7	247
508	3	247
8	11	247
520	15	247
525	6	247
499	8	247
511	12	247
247	0	1
247	9	522
512	13	248
510	10	248
16	5	248
10	4	248
516	14	248
513	1	248
6	2	248
501	7	248
502	3	248
8	11	248
521	15	248
527	6	248
499	8	248
511	12	248
248	0	2
248	9	504
512	13	249
510	10	249
16	5	249
10	4	249
516	14	249
513	1	249
6	2	249
501	7	249
502	3	249
8	11	249
521	15	249
527	6	249
514	8	249
511	12	249
249	0	2
249	9	503
512	13	250
510	10	250
16	5	250
10	4	250
516	14	250
513	1	250
6	2	250
501	7	250
508	3	250
8	11	250
521	15	250
527	6	250
499	8	250
511	12	250
250	0	1
250	9	522
512	13	252
510	10	252
16	5	252
10	4	252
516	14	252
513	1	252
6	2	252
530	7	252
508	3	252
8	11	252
521	15	252
527	6	252
499	8	252
511	12	252
252	0	2
252	9	522
512	13	253
510	10	253
16	5	253
10	4	253
516	14	253
513	1	253
505	2	253
501	7	253
502	3	253
8	11	253
520	15	253
509	6	253
499	8	253
511	12	253
253	0	2
253	9	522
512	13	254
510	10	254
16	5	254
10	4	254
516	14	254
513	1	254
505	2	254
501	7	254
502	3	254
8	11	254
520	15	254
525	6	254
499	8	254
511	12	254
254	0	1
254	9	504
512	13	255
510	10	255
16	5	255
10	4	255
516	14	255
513	1	255
505	2	255
501	7	255
502	3	255
8	11	255
521	15	255
527	6	255
514	8	255
511	12	255
255	0	1
255	9	522
512	13	256
510	10	256
16	5	256
10	4	256
516	14	256
513	1	256
505	2	256
501	7	256
502	3	256
519	11	256
520	15	256
509	6	256
514	8	256
511	12	256
256	0	2
256	9	518
512	13	257
510	10	257
16	5	257
10	4	257
516	14	257
513	1	257
505	2	257
501	7	257
502	3	257
519	11	257
520	15	257
525	6	257
514	8	257
511	12	257
257	0	2
257	9	522
512	13	258
510	10	258
16	5	258
10	4	258
516	14	258
513	1	258
505	2	258
501	7	258
507	3	258
519	11	258
520	15	258
525	6	258
514	8	258
511	12	258
258	0	1
258	9	522
512	13	259
510	10	259
16	5	259
10	4	259
516	14	259
513	1	259
505	2	259
501	7	259
508	3	259
8	11	259
520	15	259
509	6	259
499	8	259
511	12	259
259	0	2
259	9	522
512	13	260
510	10	260
16	5	260
10	4	260
516	14	260
513	1	260
505	2	260
501	7	260
508	3	260
519	11	260
520	15	260
509	6	260
514	8	260
511	12	260
260	0	0
260	9	504
512	13	261
510	10	261
16	5	261
10	4	261
516	14	261
513	1	261
505	2	261
530	7	261
502	3	261
519	11	261
520	15	261
509	6	261
514	8	261
511	12	261
261	0	1
261	9	504
512	13	263
510	10	263
16	5	263
10	4	263
516	14	263
513	1	263
505	2	263
530	7	263
502	3	263
519	11	263
520	15	263
525	6	263
514	8	263
511	12	263
263	0	2
263	9	522
512	13	264
510	10	264
16	5	264
10	4	264
524	14	264
513	1	264
6	2	264
501	7	264
502	3	264
8	11	264
521	15	264
527	6	264
499	8	264
511	12	264
264	0	1
264	9	522
512	13	265
510	10	265
16	5	265
10	4	265
524	14	265
513	1	265
6	2	265
501	7	265
502	3	265
8	11	265
521	15	265
527	6	265
514	8	265
511	12	265
265	0	1
265	9	522
512	13	266
510	10	266
16	5	266
10	4	266
524	14	266
513	1	266
6	2	266
501	7	266
507	3	266
8	11	266
521	15	266
527	6	266
514	8	266
511	12	266
266	0	0
266	9	503
512	13	267
510	10	267
16	5	267
10	4	267
524	14	267
513	1	267
6	2	267
501	7	267
508	3	267
8	11	267
521	15	267
527	6	267
499	8	267
511	12	267
267	0	0
267	9	522
512	13	268
510	10	268
16	5	268
10	4	268
524	14	268
513	1	268
6	2	268
530	7	268
502	3	268
8	11	268
521	15	268
527	6	268
514	8	268
511	12	268
268	0	0
268	9	522
512	13	269
510	10	269
16	5	269
10	4	269
524	14	269
513	1	269
6	2	269
530	7	269
507	3	269
8	11	269
521	15	269
527	6	269
514	8	269
511	12	269
269	0	0
269	9	522
512	13	270
510	10	270
16	5	270
10	4	270
524	14	270
513	1	270
500	2	270
501	7	270
502	3	270
8	11	270
521	15	270
527	6	270
499	8	270
511	12	270
270	0	0
270	9	522
512	13	271
510	10	271
16	5	271
10	4	271
524	14	271
513	1	271
500	2	271
501	7	271
502	3	271
8	11	271
521	15	271
527	6	271
514	8	271
511	12	271
271	0	1
271	9	522
512	13	272
510	10	272
16	5	272
10	4	272
524	14	272
513	1	272
500	2	272
501	7	272
507	3	272
8	11	272
521	15	272
527	6	272
514	8	272
511	12	272
272	0	0
272	9	522
512	13	274
510	10	274
16	5	274
10	4	274
524	14	274
513	1	274
500	2	274
501	7	274
508	3	274
8	11	274
521	15	274
527	6	274
499	8	274
511	12	274
274	0	1
274	9	503
512	13	275
510	10	275
16	5	275
10	4	275
524	14	275
513	1	275
500	2	275
530	7	275
502	3	275
8	11	275
521	15	275
527	6	275
499	8	275
511	12	275
275	0	1
275	9	503
512	13	276
510	10	276
16	5	276
10	4	276
524	14	276
513	1	276
500	2	276
530	7	276
502	3	276
8	11	276
521	15	276
527	6	276
514	8	276
511	12	276
276	0	0
276	9	522
512	13	277
510	10	277
16	5	277
10	4	277
524	14	277
513	1	277
505	2	277
501	7	277
502	3	277
8	11	277
520	15	277
509	6	277
499	8	277
511	12	277
277	0	2
277	9	522
512	13	278
510	10	278
16	5	278
10	4	278
524	14	278
513	1	278
505	2	278
501	7	278
502	3	278
8	11	278
520	15	278
525	6	278
499	8	278
511	12	278
278	0	2
278	9	522
512	13	279
510	10	279
16	5	279
10	4	279
524	14	279
513	1	279
505	2	279
501	7	279
502	3	279
8	11	279
521	15	279
527	6	279
499	8	279
511	12	279
279	0	1
279	9	522
512	13	280
510	10	280
16	5	280
10	4	280
524	14	280
513	1	280
505	2	280
501	7	280
502	3	280
8	11	280
521	15	280
527	6	280
514	8	280
511	12	280
280	0	1
280	9	522
512	13	281
510	10	281
16	5	281
10	4	281
524	14	281
513	1	281
505	2	281
501	7	281
502	3	281
519	11	281
520	15	281
509	6	281
514	8	281
511	12	281
281	0	2
281	9	522
512	13	282
510	10	282
16	5	282
10	4	282
524	14	282
513	1	282
505	2	282
501	7	282
502	3	282
519	11	282
520	15	282
525	6	282
514	8	282
511	12	282
282	0	2
282	9	522
512	13	283
510	10	283
16	5	283
10	4	283
524	14	283
513	1	283
505	2	283
501	7	283
507	3	283
8	11	283
521	15	283
527	6	283
514	8	283
511	12	283
283	0	1
283	9	522
512	13	285
510	10	285
16	5	285
10	4	285
524	14	285
513	1	285
505	2	285
501	7	285
507	3	285
519	11	285
520	15	285
509	6	285
514	8	285
511	12	285
285	0	1
285	9	522
512	13	286
510	10	286
16	5	286
10	4	286
524	14	286
513	1	286
505	2	286
501	7	286
507	3	286
519	11	286
520	15	286
525	6	286
514	8	286
511	12	286
286	0	1
286	9	522
512	13	287
510	10	287
16	5	287
10	4	287
524	14	287
513	1	287
505	2	287
501	7	287
508	3	287
8	11	287
520	15	287
509	6	287
499	8	287
511	12	287
287	0	1
287	9	522
512	13	288
510	10	288
16	5	288
10	4	288
524	14	288
513	1	288
505	2	288
501	7	288
508	3	288
8	11	288
520	15	288
525	6	288
499	8	288
511	12	288
288	0	1
288	9	522
512	13	289
510	10	289
16	5	289
10	4	289
524	14	289
513	1	289
505	2	289
501	7	289
508	3	289
8	11	289
521	15	289
527	6	289
499	8	289
511	12	289
289	0	0
289	9	504
512	13	290
510	10	290
16	5	290
10	4	290
524	14	290
513	1	290
505	2	290
501	7	290
508	3	290
8	11	290
521	15	290
527	6	290
514	8	290
511	12	290
290	0	0
290	9	504
512	13	291
510	10	291
16	5	291
10	4	291
524	14	291
513	1	291
505	2	291
501	7	291
508	3	291
519	11	291
520	15	291
509	6	291
514	8	291
511	12	291
291	0	0
291	9	522
512	13	292
510	10	292
16	5	292
10	4	292
524	14	292
513	1	292
505	2	292
501	7	292
508	3	292
519	11	292
520	15	292
525	6	292
514	8	292
511	12	292
292	0	0
292	9	522
512	13	293
510	10	293
16	5	293
10	4	293
524	14	293
513	1	293
505	2	293
530	7	293
502	3	293
8	11	293
520	15	293
509	6	293
499	8	293
511	12	293
293	0	1
293	9	522
512	13	294
510	10	294
16	5	294
10	4	294
524	14	294
513	1	294
505	2	294
530	7	294
502	3	294
8	11	294
520	15	294
525	6	294
499	8	294
511	12	294
294	0	0
294	9	522
512	13	296
510	10	296
16	5	296
10	4	296
524	14	296
513	1	296
505	2	296
530	7	296
502	3	296
519	11	296
520	15	296
509	6	296
514	8	296
511	12	296
296	0	1
296	9	522
512	13	297
510	10	297
16	5	297
10	4	297
524	14	297
513	1	297
505	2	297
530	7	297
502	3	297
519	11	297
520	15	297
525	6	297
514	8	297
511	12	297
297	0	1
297	9	522
512	13	298
510	10	298
16	5	298
10	4	298
524	14	298
513	1	298
505	2	298
530	7	298
507	3	298
519	11	298
520	15	298
509	6	298
514	8	298
511	12	298
298	0	0
298	9	522
512	13	299
510	10	299
16	5	299
10	4	299
524	14	299
513	1	299
505	2	299
530	7	299
508	3	299
8	11	299
520	15	299
525	6	299
499	8	299
511	12	299
299	0	0
299	9	522
512	13	300
515	10	300
16	5	300
10	4	300
5	14	300
513	1	300
6	2	300
501	7	300
502	3	300
8	11	300
521	15	300
527	6	300
499	8	300
506	12	300
300	0	0
300	9	522
512	13	301
515	10	301
16	5	301
10	4	301
5	14	301
513	1	301
6	2	301
530	7	301
502	3	301
8	11	301
521	15	301
527	6	301
514	8	301
506	12	301
301	0	1
301	9	522
512	13	302
515	10	302
16	5	302
10	4	302
5	14	302
513	1	302
500	2	302
501	7	302
508	3	302
8	11	302
521	15	302
527	6	302
499	8	302
506	12	302
302	0	0
302	9	503
512	13	303
515	10	303
16	5	303
10	4	303
5	14	303
513	1	303
500	2	303
501	7	303
508	3	303
8	11	303
521	15	303
527	6	303
514	8	303
506	12	303
303	0	0
303	9	522
512	13	304
515	10	304
16	5	304
10	4	304
5	14	304
513	1	304
505	2	304
501	7	304
502	3	304
8	11	304
520	15	304
509	6	304
499	8	304
506	12	304
304	0	1
304	9	522
512	13	305
515	10	305
16	5	305
10	4	305
5	14	305
513	1	305
505	2	305
501	7	305
502	3	305
8	11	305
521	15	305
527	6	305
499	8	305
506	12	305
305	0	0
305	9	522
512	13	307
515	10	307
16	5	307
10	4	307
5	14	307
513	1	307
505	2	307
501	7	307
502	3	307
8	11	307
521	15	307
527	6	307
514	8	307
506	12	307
307	0	0
307	9	518
512	13	308
515	10	308
16	5	308
10	4	308
5	14	308
513	1	308
505	2	308
501	7	308
502	3	308
519	11	308
520	15	308
509	6	308
514	8	308
506	12	308
308	0	1
308	9	522
512	13	309
515	10	309
16	5	309
10	4	309
5	14	309
513	1	309
505	2	309
501	7	309
502	3	309
519	11	309
520	15	309
525	6	309
514	8	309
506	12	309
309	0	1
309	9	522
512	13	310
515	10	310
16	5	310
10	4	310
5	14	310
513	1	310
505	2	310
501	7	310
507	3	310
519	11	310
520	15	310
509	6	310
514	8	310
506	12	310
310	0	0
310	9	522
512	13	311
515	10	311
16	5	311
10	4	311
5	14	311
513	1	311
505	2	311
501	7	311
507	3	311
519	11	311
520	15	311
525	6	311
514	8	311
506	12	311
311	0	1
311	9	522
512	13	312
515	10	312
16	5	312
10	4	312
5	14	312
513	1	312
505	2	312
501	7	312
508	3	312
8	11	312
520	15	312
509	6	312
499	8	312
506	12	312
312	0	1
312	9	522
512	13	313
515	10	313
16	5	313
10	4	313
5	14	313
513	1	313
505	2	313
501	7	313
508	3	313
8	11	313
520	15	313
525	6	313
499	8	313
506	12	313
313	0	0
313	9	522
512	13	314
515	10	314
16	5	314
10	4	314
5	14	314
513	1	314
505	2	314
530	7	314
502	3	314
8	11	314
520	15	314
509	6	314
499	8	314
506	12	314
314	0	1
314	9	522
512	13	315
515	10	315
16	5	315
10	4	315
5	14	315
513	1	315
505	2	315
530	7	315
502	3	315
8	11	315
521	15	315
527	6	315
514	8	315
506	12	315
315	0	1
315	9	522
512	13	316
515	10	316
16	5	316
10	4	316
5	14	316
513	1	316
505	2	316
530	7	316
507	3	316
519	11	316
520	15	316
509	6	316
514	8	316
506	12	316
316	0	0
316	9	522
512	13	318
515	10	318
16	5	318
10	4	318
516	14	318
513	1	318
505	2	318
501	7	318
502	3	318
8	11	318
520	15	318
509	6	318
499	8	318
506	12	318
318	0	0
318	9	504
512	13	319
515	10	319
16	5	319
10	4	319
516	14	319
513	1	319
505	2	319
501	7	319
502	3	319
8	11	319
520	15	319
525	6	319
499	8	319
506	12	319
319	0	2
319	9	504
512	13	320
515	10	320
16	5	320
10	4	320
516	14	320
513	1	320
505	2	320
501	7	320
502	3	320
519	11	320
520	15	320
509	6	320
514	8	320
506	12	320
320	0	1
320	9	504
512	13	321
515	10	321
16	5	321
10	4	321
516	14	321
513	1	321
505	2	321
501	7	321
508	3	321
8	11	321
520	15	321
509	6	321
499	8	321
506	12	321
321	0	0
321	9	503
512	13	322
515	10	322
16	5	322
10	4	322
524	14	322
513	1	322
6	2	322
501	7	322
502	3	322
8	11	322
521	15	322
527	6	322
499	8	322
506	12	322
322	0	0
322	9	504
512	13	323
515	10	323
16	5	323
10	4	323
524	14	323
513	1	323
6	2	323
501	7	323
502	3	323
8	11	323
521	15	323
527	6	323
514	8	323
506	12	323
323	0	1
323	9	522
512	13	324
515	10	324
16	5	324
10	4	324
524	14	324
513	1	324
6	2	324
501	7	324
507	3	324
8	11	324
521	15	324
527	6	324
514	8	324
506	12	324
324	0	0
324	9	522
512	13	325
515	10	325
16	5	325
10	4	325
524	14	325
513	1	325
6	2	325
501	7	325
508	3	325
8	11	325
521	15	325
527	6	325
514	8	325
506	12	325
325	0	0
325	9	522
512	13	326
515	10	326
16	5	326
10	4	326
524	14	326
513	1	326
6	2	326
530	7	326
508	3	326
8	11	326
521	15	326
527	6	326
499	8	326
506	12	326
326	0	0
326	9	522
512	13	327
515	10	327
16	5	327
10	4	327
524	14	327
513	1	327
500	2	327
501	7	327
502	3	327
8	11	327
521	15	327
527	6	327
499	8	327
506	12	327
327	0	1
327	9	504
512	13	329
515	10	329
16	5	329
10	4	329
524	14	329
513	1	329
500	2	329
501	7	329
502	3	329
8	11	329
521	15	329
527	6	329
514	8	329
506	12	329
329	0	0
329	9	522
512	13	330
515	10	330
16	5	330
10	4	330
524	14	330
513	1	330
505	2	330
501	7	330
502	3	330
8	11	330
520	15	330
509	6	330
499	8	330
506	12	330
330	0	1
330	9	522
512	13	331
515	10	331
16	5	331
10	4	331
524	14	331
513	1	331
505	2	331
501	7	331
502	3	331
8	11	331
520	15	331
525	6	331
499	8	331
506	12	331
331	0	1
331	9	522
512	13	332
515	10	332
16	5	332
10	4	332
524	14	332
513	1	332
505	2	332
501	7	332
502	3	332
8	11	332
521	15	332
527	6	332
499	8	332
506	12	332
332	0	1
332	9	504
512	13	333
515	10	333
16	5	333
10	4	333
524	14	333
513	1	333
505	2	333
501	7	333
502	3	333
519	11	333
520	15	333
509	6	333
514	8	333
506	12	333
333	0	1
333	9	522
512	13	334
515	10	334
16	5	334
10	4	334
524	14	334
513	1	334
505	2	334
501	7	334
502	3	334
519	11	334
520	15	334
525	6	334
514	8	334
506	12	334
334	0	1
334	9	522
512	13	335
515	10	335
16	5	335
10	4	335
524	14	335
513	1	335
505	2	335
501	7	335
507	3	335
519	11	335
520	15	335
509	6	335
514	8	335
506	12	335
335	0	0
335	9	522
512	13	336
515	10	336
16	5	336
10	4	336
524	14	336
513	1	336
505	2	336
501	7	336
507	3	336
519	11	336
520	15	336
525	6	336
514	8	336
506	12	336
336	0	0
336	9	522
512	13	337
515	10	337
16	5	337
10	4	337
524	14	337
513	1	337
505	2	337
501	7	337
508	3	337
8	11	337
520	15	337
509	6	337
499	8	337
506	12	337
337	0	0
337	9	504
512	13	338
515	10	338
16	5	338
10	4	338
524	14	338
513	1	338
505	2	338
501	7	338
508	3	338
8	11	338
520	15	338
525	6	338
499	8	338
506	12	338
338	0	0
338	9	522
512	13	340
515	10	340
16	5	340
10	4	340
524	14	340
513	1	340
505	2	340
501	7	340
508	3	340
519	11	340
520	15	340
509	6	340
514	8	340
506	12	340
340	0	0
340	9	504
512	13	341
515	10	341
16	5	341
10	4	341
524	14	341
513	1	341
505	2	341
530	7	341
502	3	341
8	11	341
520	15	341
509	6	341
499	8	341
506	12	341
341	0	0
341	9	522
512	13	342
515	10	342
16	5	342
10	4	342
524	14	342
513	1	342
505	2	342
530	7	342
502	3	342
519	11	342
520	15	342
509	6	342
514	8	342
506	12	342
342	0	1
342	9	522
512	13	343
515	10	343
16	5	343
10	4	343
524	14	343
513	1	343
505	2	343
530	7	343
507	3	343
8	11	343
521	15	343
527	6	343
514	8	343
506	12	343
343	0	0
343	9	504
512	13	344
515	10	344
16	5	344
10	4	344
524	14	344
513	1	344
505	2	344
530	7	344
508	3	344
8	11	344
520	15	344
509	6	344
499	8	344
506	12	344
344	0	0
344	9	522
526	13	345
510	10	345
14	5	345
10	4	345
524	14	345
513	1	345
505	2	345
501	7	345
502	3	345
8	11	345
520	15	345
509	6	345
499	8	345
511	12	345
345	0	0
345	9	522
526	13	346
510	10	346
14	5	346
10	4	346
524	14	346
513	1	346
505	2	346
501	7	346
502	3	346
519	11	346
520	15	346
525	6	346
514	8	346
511	12	346
346	0	0
346	9	522
526	13	347
510	10	347
14	5	347
12	4	347
524	14	347
513	1	347
6	2	347
501	7	347
507	3	347
8	11	347
520	15	347
529	6	347
514	8	347
511	12	347
347	0	3
347	9	522
526	13	348
510	10	348
14	5	348
12	4	348
524	14	348
513	1	348
505	2	348
501	7	348
502	3	348
8	11	348
520	15	348
509	6	348
499	8	348
511	12	348
348	0	0
348	9	522
526	13	349
510	10	349
14	5	349
12	4	349
524	14	349
513	1	349
505	2	349
501	7	349
502	3	349
519	11	349
520	15	349
525	6	349
514	8	349
511	12	349
349	0	1
349	9	522
526	13	352
510	10	352
14	5	352
12	4	352
524	14	352
513	1	352
505	2	352
530	7	352
502	3	352
8	11	352
520	15	352
525	6	352
499	8	352
511	12	352
352	0	0
352	9	522
526	13	353
510	10	353
16	5	353
10	4	353
5	14	353
513	1	353
6	2	353
501	7	353
502	3	353
8	11	353
521	15	353
527	6	353
499	8	353
511	12	353
353	0	1
353	9	522
526	13	354
510	10	354
16	5	354
10	4	354
5	14	354
513	1	354
6	2	354
501	7	354
502	3	354
8	11	354
521	15	354
527	6	354
514	8	354
511	12	354
354	0	0
354	9	503
526	13	355
510	10	355
16	5	355
10	4	355
5	14	355
513	1	355
6	2	355
501	7	355
507	3	355
8	11	355
521	15	355
527	6	355
514	8	355
511	12	355
355	0	1
355	9	522
526	13	356
510	10	356
16	5	356
10	4	356
5	14	356
513	1	356
6	2	356
530	7	356
502	3	356
8	11	356
521	15	356
527	6	356
514	8	356
511	12	356
356	0	2
356	9	522
526	13	357
510	10	357
16	5	357
10	4	357
5	14	357
513	1	357
500	2	357
501	7	357
502	3	357
8	11	357
521	15	357
527	6	357
499	8	357
511	12	357
357	0	0
357	9	522
526	13	358
510	10	358
16	5	358
10	4	358
5	14	358
513	1	358
500	2	358
501	7	358
508	3	358
8	11	358
521	15	358
527	6	358
499	8	358
511	12	358
358	0	0
358	9	522
526	13	359
510	10	359
16	5	359
10	4	359
5	14	359
513	1	359
505	2	359
501	7	359
502	3	359
8	11	359
520	15	359
509	6	359
499	8	359
511	12	359
359	0	0
359	9	522
526	13	360
510	10	360
16	5	360
10	4	360
5	14	360
513	1	360
505	2	360
501	7	360
502	3	360
8	11	360
520	15	360
525	6	360
499	8	360
511	12	360
360	0	2
360	9	522
526	13	361
510	10	361
16	5	361
10	4	361
5	14	361
513	1	361
505	2	361
501	7	361
502	3	361
8	11	361
520	15	361
529	6	361
514	8	361
511	12	361
361	0	3
361	9	522
526	13	363
510	10	363
16	5	363
10	4	363
5	14	363
513	1	363
505	2	363
501	7	363
502	3	363
8	11	363
521	15	363
527	6	363
514	8	363
511	12	363
363	0	2
363	9	522
526	13	364
510	10	364
16	5	364
10	4	364
5	14	364
513	1	364
505	2	364
501	7	364
502	3	364
519	11	364
520	15	364
509	6	364
514	8	364
511	12	364
364	0	2
364	9	522
526	13	365
510	10	365
16	5	365
10	4	365
5	14	365
513	1	365
505	2	365
501	7	365
502	3	365
519	11	365
520	15	365
525	6	365
514	8	365
511	12	365
365	0	2
365	9	522
526	13	366
510	10	366
16	5	366
10	4	366
5	14	366
513	1	366
505	2	366
501	7	366
507	3	366
519	11	366
520	15	366
509	6	366
514	8	366
511	12	366
366	0	1
366	9	522
526	13	367
510	10	367
16	5	367
10	4	367
5	14	367
513	1	367
505	2	367
501	7	367
507	3	367
519	11	367
520	15	367
525	6	367
514	8	367
511	12	367
367	0	2
367	9	522
526	13	368
510	10	368
16	5	368
10	4	368
5	14	368
513	1	368
505	2	368
501	7	368
508	3	368
8	11	368
520	15	368
525	6	368
499	8	368
511	12	368
368	0	0
368	9	522
526	13	369
510	10	369
16	5	369
10	4	369
5	14	369
513	1	369
505	2	369
501	7	369
508	3	369
8	11	369
521	15	369
527	6	369
514	8	369
511	12	369
369	0	0
369	9	522
526	13	370
510	10	370
16	5	370
10	4	370
5	14	370
513	1	370
505	2	370
501	7	370
508	3	370
519	11	370
520	15	370
509	6	370
514	8	370
511	12	370
370	0	0
370	9	522
526	13	371
510	10	371
16	5	371
10	4	371
5	14	371
513	1	371
505	2	371
530	7	371
502	3	371
519	11	371
520	15	371
525	6	371
514	8	371
511	12	371
371	0	1
371	9	522
526	13	372
510	10	372
16	5	372
10	4	372
5	14	372
513	1	372
505	2	372
530	7	372
508	3	372
8	11	372
520	15	372
525	6	372
499	8	372
511	12	372
372	0	1
372	9	503
526	13	374
510	10	374
16	5	374
10	4	374
516	14	374
513	1	374
6	2	374
501	7	374
502	3	374
8	11	374
521	15	374
527	6	374
499	8	374
511	12	374
374	0	1
374	9	522
526	13	375
510	10	375
16	5	375
10	4	375
516	14	375
513	1	375
6	2	375
501	7	375
502	3	375
8	11	375
521	15	375
527	6	375
514	8	375
511	12	375
375	0	2
375	9	503
526	13	376
510	10	376
16	5	376
10	4	376
516	14	376
513	1	376
6	2	376
501	7	376
507	3	376
8	11	376
521	15	376
527	6	376
514	8	376
511	12	376
376	0	1
376	9	503
526	13	377
510	10	377
16	5	377
10	4	377
516	14	377
513	1	377
6	2	377
530	7	377
502	3	377
8	11	377
521	15	377
527	6	377
514	8	377
511	12	377
377	0	2
377	9	503
526	13	378
510	10	378
16	5	378
10	4	378
516	14	378
513	1	378
500	2	378
501	7	378
502	3	378
8	11	378
521	15	378
527	6	378
514	8	378
511	12	378
378	0	2
378	9	522
526	13	379
510	10	379
16	5	379
10	4	379
516	14	379
513	1	379
505	2	379
501	7	379
502	3	379
8	11	379
520	15	379
509	6	379
499	8	379
511	12	379
379	0	1
379	9	522
526	13	380
510	10	380
16	5	380
10	4	380
516	14	380
513	1	380
505	2	380
501	7	380
502	3	380
8	11	380
520	15	380
525	6	380
499	8	380
511	12	380
380	0	2
380	9	522
526	13	381
510	10	381
16	5	381
10	4	381
516	14	381
513	1	381
505	2	381
501	7	381
502	3	381
8	11	381
521	15	381
527	6	381
499	8	381
511	12	381
381	0	1
381	9	503
526	13	382
510	10	382
16	5	382
10	4	382
516	14	382
513	1	382
505	2	382
501	7	382
502	3	382
519	11	382
520	15	382
509	6	382
514	8	382
511	12	382
382	0	2
382	9	522
526	13	383
510	10	383
16	5	383
10	4	383
516	14	383
513	1	383
505	2	383
501	7	383
502	3	383
519	11	383
520	15	383
525	6	383
514	8	383
511	12	383
383	0	2
383	9	522
526	13	385
510	10	385
16	5	385
10	4	385
516	14	385
513	1	385
505	2	385
501	7	385
507	3	385
8	11	385
521	15	385
527	6	385
514	8	385
511	12	385
385	0	2
385	9	522
526	13	386
510	10	386
16	5	386
10	4	386
516	14	386
513	1	386
505	2	386
501	7	386
507	3	386
519	11	386
520	15	386
509	6	386
514	8	386
511	12	386
386	0	1
386	9	522
526	13	387
510	10	387
16	5	387
10	4	387
516	14	387
513	1	387
505	2	387
501	7	387
507	3	387
519	11	387
520	15	387
525	6	387
514	8	387
511	12	387
387	0	2
387	9	522
526	13	388
510	10	388
16	5	388
10	4	388
516	14	388
513	1	388
505	2	388
501	7	388
508	3	388
8	11	388
520	15	388
525	6	388
499	8	388
511	12	388
388	0	1
388	9	522
526	13	389
510	10	389
16	5	389
10	4	389
516	14	389
513	1	389
505	2	389
501	7	389
508	3	389
519	11	389
520	15	389
509	6	389
514	8	389
511	12	389
389	0	0
389	9	522
526	13	390
510	10	390
16	5	390
10	4	390
516	14	390
513	1	390
505	2	390
501	7	390
508	3	390
519	11	390
520	15	390
525	6	390
514	8	390
511	12	390
390	0	2
390	9	522
526	13	391
510	10	391
16	5	391
10	4	391
516	14	391
513	1	391
505	2	391
530	7	391
502	3	391
8	11	391
520	15	391
509	6	391
499	8	391
511	12	391
391	0	1
391	9	522
526	13	392
510	10	392
16	5	392
10	4	392
516	14	392
513	1	392
505	2	392
530	7	392
502	3	392
519	11	392
520	15	392
509	6	392
514	8	392
511	12	392
392	0	2
392	9	522
526	13	393
510	10	393
16	5	393
10	4	393
524	14	393
513	1	393
6	2	393
501	7	393
502	3	393
8	11	393
521	15	393
527	6	393
499	8	393
511	12	393
393	0	0
393	9	522
526	13	394
510	10	394
16	5	394
10	4	394
524	14	394
513	1	394
6	2	394
501	7	394
502	3	394
8	11	394
521	15	394
527	6	394
514	8	394
511	12	394
394	0	0
394	9	522
526	13	396
510	10	396
16	5	396
10	4	396
524	14	396
513	1	396
6	2	396
501	7	396
508	3	396
8	11	396
521	15	396
527	6	396
499	8	396
511	12	396
396	0	1
396	9	522
526	13	397
510	10	397
16	5	397
10	4	397
524	14	397
513	1	397
500	2	397
501	7	397
508	3	397
8	11	397
521	15	397
527	6	397
514	8	397
511	12	397
397	0	0
397	9	503
526	13	398
510	10	398
16	5	398
10	4	398
524	14	398
513	1	398
500	2	398
530	7	398
502	3	398
8	11	398
521	15	398
527	6	398
499	8	398
511	12	398
398	0	0
398	9	503
526	13	399
510	10	399
16	5	399
10	4	399
524	14	399
513	1	399
505	2	399
501	7	399
502	3	399
8	11	399
520	15	399
509	6	399
499	8	399
511	12	399
399	0	1
399	9	522
526	13	400
510	10	400
16	5	400
10	4	400
524	14	400
513	1	400
505	2	400
501	7	400
502	3	400
8	11	400
520	15	400
525	6	400
499	8	400
511	12	400
400	0	1
400	9	522
526	13	401
510	10	401
16	5	401
10	4	401
524	14	401
513	1	401
505	2	401
501	7	401
502	3	401
8	11	401
521	15	401
527	6	401
499	8	401
511	12	401
401	0	0
401	9	504
526	13	402
510	10	402
16	5	402
10	4	402
524	14	402
513	1	402
505	2	402
501	7	402
502	3	402
8	11	402
521	15	402
527	6	402
514	8	402
511	12	402
402	0	2
402	9	522
526	13	403
510	10	403
16	5	403
10	4	403
524	14	403
513	1	403
505	2	403
501	7	403
502	3	403
519	11	403
520	15	403
509	6	403
514	8	403
511	12	403
403	0	1
403	9	522
526	13	404
510	10	404
16	5	404
10	4	404
524	14	404
513	1	404
505	2	404
501	7	404
502	3	404
519	11	404
520	15	404
525	6	404
514	8	404
511	12	404
404	0	2
404	9	522
526	13	405
510	10	405
16	5	405
10	4	405
524	14	405
513	1	405
505	2	405
501	7	405
507	3	405
8	11	405
521	15	405
527	6	405
514	8	405
511	12	405
405	0	0
405	9	522
526	13	407
510	10	407
16	5	407
10	4	407
524	14	407
513	1	407
505	2	407
501	7	407
507	3	407
519	11	407
520	15	407
509	6	407
514	8	407
511	12	407
407	0	1
407	9	522
526	13	408
510	10	408
16	5	408
10	4	408
524	14	408
513	1	408
505	2	408
501	7	408
507	3	408
519	11	408
520	15	408
525	6	408
514	8	408
511	12	408
408	0	1
408	9	522
526	13	409
510	10	409
16	5	409
10	4	409
524	14	409
513	1	409
505	2	409
501	7	409
508	3	409
8	11	409
520	15	409
509	6	409
499	8	409
511	12	409
409	0	0
409	9	522
526	13	410
510	10	410
16	5	410
10	4	410
524	14	410
513	1	410
505	2	410
501	7	410
508	3	410
8	11	410
520	15	410
525	6	410
499	8	410
511	12	410
410	0	1
410	9	522
526	13	411
510	10	411
16	5	411
10	4	411
524	14	411
513	1	411
505	2	411
501	7	411
508	3	411
8	11	411
521	15	411
527	6	411
499	8	411
511	12	411
411	0	0
411	9	522
526	13	412
510	10	412
16	5	412
10	4	412
524	14	412
513	1	412
505	2	412
501	7	412
508	3	412
8	11	412
521	15	412
527	6	412
514	8	412
511	12	412
412	0	0
412	9	518
526	13	413
510	10	413
16	5	413
10	4	413
524	14	413
513	1	413
505	2	413
501	7	413
508	3	413
519	11	413
520	15	413
509	6	413
514	8	413
511	12	413
413	0	0
413	9	522
526	13	414
510	10	414
16	5	414
10	4	414
524	14	414
513	1	414
505	2	414
530	7	414
502	3	414
8	11	414
520	15	414
525	6	414
499	8	414
511	12	414
414	0	1
414	9	522
526	13	415
510	10	415
16	5	415
10	4	415
524	14	415
513	1	415
505	2	415
530	7	415
502	3	415
8	11	415
521	15	415
527	6	415
499	8	415
511	12	415
415	0	0
415	9	503
526	13	416
510	10	416
16	5	416
10	4	416
524	14	416
513	1	416
505	2	416
530	7	416
502	3	416
8	11	416
521	15	416
527	6	416
514	8	416
511	12	416
416	0	0
416	9	522
526	13	418
510	10	418
16	5	418
10	4	418
524	14	418
513	1	418
505	2	418
530	7	418
502	3	418
519	11	418
520	15	418
525	6	418
514	8	418
511	12	418
418	0	2
418	9	522
526	13	419
510	10	419
16	5	419
10	4	419
524	14	419
513	1	419
505	2	419
530	7	419
508	3	419
8	11	419
520	15	419
509	6	419
499	8	419
511	12	419
419	0	0
419	9	503
526	13	420
515	10	420
16	5	420
10	4	420
5	14	420
513	1	420
505	2	420
501	7	420
502	3	420
519	11	420
520	15	420
509	6	420
514	8	420
506	12	420
420	0	0
420	9	503
526	13	421
515	10	421
16	5	421
10	4	421
5	14	421
513	1	421
505	2	421
501	7	421
502	3	421
519	11	421
520	15	421
525	6	421
514	8	421
506	12	421
421	0	0
421	9	522
526	13	422
515	10	422
16	5	422
10	4	422
5	14	422
513	1	422
505	2	422
501	7	422
507	3	422
519	11	422
520	15	422
525	6	422
514	8	422
506	12	422
422	0	0
422	9	522
526	13	423
515	10	423
16	5	423
10	4	423
5	14	423
513	1	423
505	2	423
501	7	423
508	3	423
519	11	423
520	15	423
525	6	423
514	8	423
506	12	423
423	0	0
423	9	522
526	13	424
515	10	424
16	5	424
10	4	424
516	14	424
513	1	424
505	2	424
501	7	424
502	3	424
8	11	424
520	15	424
509	6	424
499	8	424
506	12	424
424	0	0
424	9	503
526	13	425
515	10	425
16	5	425
10	4	425
524	14	425
513	1	425
6	2	425
501	7	425
502	3	425
8	11	425
521	15	425
527	6	425
514	8	425
506	12	425
425	0	0
425	9	503
526	13	426
515	10	426
16	5	426
10	4	426
524	14	426
513	1	426
500	2	426
501	7	426
502	3	426
8	11	426
521	15	426
527	6	426
499	8	426
506	12	426
426	0	0
426	9	522
526	13	427
515	10	427
16	5	427
10	4	427
524	14	427
513	1	427
500	2	427
501	7	427
502	3	427
8	11	427
521	15	427
527	6	427
514	8	427
506	12	427
427	0	0
427	9	518
526	13	429
515	10	429
16	5	429
10	4	429
524	14	429
513	1	429
505	2	429
501	7	429
502	3	429
8	11	429
520	15	429
509	6	429
499	8	429
506	12	429
429	0	0
429	9	522
526	13	430
515	10	430
16	5	430
10	4	430
524	14	430
513	1	430
505	2	430
501	7	430
502	3	430
8	11	430
520	15	430
525	6	430
499	8	430
506	12	430
430	0	0
430	9	522
526	13	431
515	10	431
16	5	431
10	4	431
524	14	431
513	1	431
505	2	431
501	7	431
502	3	431
8	11	431
521	15	431
527	6	431
499	8	431
506	12	431
431	0	0
431	9	503
526	13	432
515	10	432
16	5	432
10	4	432
524	14	432
513	1	432
505	2	432
501	7	432
502	3	432
519	11	432
520	15	432
509	6	432
514	8	432
506	12	432
432	0	0
432	9	522
526	13	433
515	10	433
16	5	433
10	4	433
524	14	433
513	1	433
505	2	433
501	7	433
507	3	433
8	11	433
521	15	433
527	6	433
514	8	433
506	12	433
433	0	0
433	9	503
526	13	434
515	10	434
16	5	434
10	4	434
524	14	434
513	1	434
505	2	434
501	7	434
507	3	434
519	11	434
520	15	434
509	6	434
514	8	434
506	12	434
434	0	0
434	9	522
526	13	435
515	10	435
16	5	435
10	4	435
524	14	435
513	1	435
505	2	435
501	7	435
507	3	435
519	11	435
520	15	435
525	6	435
514	8	435
506	12	435
435	0	0
435	9	522
526	13	436
515	10	436
16	5	436
10	4	436
524	14	436
513	1	436
505	2	436
501	7	436
508	3	436
8	11	436
520	15	436
509	6	436
499	8	436
506	12	436
436	0	0
436	9	522
526	13	437
515	10	437
16	5	437
10	4	437
524	14	437
513	1	437
505	2	437
501	7	437
508	3	437
8	11	437
520	15	437
525	6	437
499	8	437
506	12	437
437	0	1
437	9	522
526	13	438
515	10	438
16	5	438
10	4	438
524	14	438
513	1	438
505	2	438
501	7	438
508	3	438
519	11	438
520	15	438
509	6	438
514	8	438
506	12	438
438	0	0
438	9	503
526	13	440
515	10	440
16	5	440
10	4	440
524	14	440
513	1	440
505	2	440
501	7	440
508	3	440
519	11	440
520	15	440
525	6	440
514	8	440
506	12	440
440	0	0
440	9	522
526	13	441
515	10	441
16	5	441
10	4	441
524	14	441
513	1	441
505	2	441
530	7	441
502	3	441
8	11	441
520	15	441
509	6	441
499	8	441
506	12	441
441	0	0
441	9	504
526	13	442
515	10	442
16	5	442
10	4	442
524	14	442
513	1	442
505	2	442
530	7	442
507	3	442
519	11	442
520	15	442
509	6	442
514	8	442
506	12	442
442	0	0
442	9	522
